30 0.800000011920929 1.85929792213113E-05 100 0.03
1.11467872836511 -0.577579515557327 -0.489745848252923 -1.03340431650756 2.3392355541681 0.129852393073814 2.66836722836429 -0.217365989109154 3.23859732435633 -1.1986385202794 -0.225570879725636 0.732171292504402 0.473233626910128 0.160820414100338 -1.37541935893832 0.263495393797326 1.03232192569123 0.641630174425258 0.275747159158693 -0.817174403738453 0.909105900314886 0.0456982967656564 0.663853934343836 0.996550562324259 3.0999404985985 0.317540386373894 0.664713590715413 -0.700314817914085 0.440267753992354 -0.269409959944397 
2.45687476445332 0.274808512362348 1.90713796736895 -0.1178588551442 -1.02208888723476 2.74390300516215 -2.35797854382341 -0.549236107296022 -0.77866430347287 3.46239519327343 1.36660816515525 -1.19192077366937 0.945129790783455 1.22551600735174 -0.0342715968080788 -0.695751206673702 -0.659456972075754 0.462580064061368 0.0197624983358022 0.355429085875646 0.268636146434639 0.820938773835515 0.340975896614127 0.461977337236506 -1.0516467615858 0.63687992032472 0.222519495162423 0.846627805077081 0.104325919926318 3.40352805034778 
-0.618113816391314 2.17009046602732 0.771936304888655 2.31232167663605 -0.365424196910197 0.0209201378709173 0.269955083912988 -0.748390894633012 -0.280068266197532 -0.0576873200293885 1.91354294573177 -0.426504056955833 0.475258691923348 -0.527230046193204 2.4543398322363 1.8472297301357 1.80220598677653 0.652954289993716 0.595258470901874 -0.404094974088992 -0.398676074921208 0.420505255656552 0.5211283329507 0.570526779894962 1.50305290909421 0.0527345906257325 0.190141774802535 -0.159011480858281 0.494355415689924 -1.194276154449 
-1.22021788917486 -0.755584883556035 -0.579228124831621 -0.0976247365073254 0.152904187051259 -1.0326775088675 -0.37748843495313 2.09964196579074 -0.0930239725133872 -0.179406796076757 -2.87663296466496 2.70996144014995 0.078855925742004 0.0552708127150578 0.142329413010846 0.722704421800385 -0.806931467818528 0.494162175103166 0.918155776764339 2.04599952340085 -0.819095176252564 0.509067449024444 0.834660554227727 0.0995626464018424 -2.70407940287488 0.0231049643005733 0.652959433222636 1.75276859560267 0.876840403246153 -0.339908783523377 
-1.83606380330165 -1.57438006316988 -1.51158977470406 -0.607643697186721 
6.1522317945376E-14 0.0486567744320341 0.000102608391368415 7.44417313037606E-117 7.44585523703976E-18 0.00119953744361233 8.09442460072816E-13 5.80597563032288E-21 2.08366724426753E-39 1.50522994430591E-23 4.1549993319696E-05 6.83983704415184E-11 0 0.262266714301277 4.53312782351366E-05 5.89726845284792E-42 2.11639585995446E-20 0 0 0.0123718580116255 0.334550908081149 0 0 0 0.0427205803053486 0 0 1.1048015899153E-08 0 7.34298397369519E-53 
3.39055781803612E-42 0.18614097792243 2.56100731636666E-13 2.73438242097669E-202 1.86399315455457E-45 0.000425746784872949 3.43159697557749E-22 4.99201252585308E-38 1.64268354158667E-86 2.36028357810426E-49 2.19856886719033E-08 2.81847764657351E-27 0 0.437351271166 7.89043406277618E-16 3.3722439789738E-83 6.84151972020882E-53 0 0 0.104330435525241 0.606530659712633 0 0 0 0.022745307648501 0 0 2.23077322940672E-20 0 3.9440690544616E-99 
0.336139127828905 0.000214162424559613 0.0109439505149522 2.08909567900468E-53 0.000397553093095334 0.0037700502859602 1.45449099219943E-06 1.47899390961572E-09 3.7875229896744E-06 4.82857545135374E-07 0.0382707996196293 0.007510396906925 0 0.171084404302309 0.0548677484818137 3.35307746628832E-17 0.00576484095123548 0 0 0.000447078250912168 0.181101644669488 0 0 0 0.267694103906221 0 0 0.0012981936588662 0 4.28927745384936E-20 
5.91696962288838E-41 3.61329249810774E-14 3.3407788783065E-25 0.0400106779829068 1.21626700503962E-12 6.00265529793817E-06 0.327149617349719 0.109533031488355 7.1334596605385E-21 1.47630795391733E-05 0.232501878470447 2.38135165801449E-09 0 0.0435250225525051 1.62462422850986E-12 0.000473822641102625 3.60984008737509E-24 0 0 7.95306535913716E-09 0.0357408909490365 0 0 0 0.00136224692552475 0 0 1.21009943313623E-06 0 0.184750457435741 
5.84272755969409E-07 8.07841297253966E-07 1.10392943247069E-06 1.27284335738816E-28 0.0153540433717035 0.00186168140071694 0.000426239318951562 1.55791005004619E-05 0.478382745954305 0.0137742672815884 0.293354820648048 0.0345218337783069 0 0.120811572017626 0.00228970688868016 6.48589711230378E-09 0.00875587688617602 0 0 2.84355622812816E-05 0.11453159252585 0 0 0 0.137464699554569 0 0 0.00272039302921201 0 1.13429647795974E-08 
0.000310283307072569 0.000150125836751867 0.00277893784330272 1.50804245718529E-58 1.62440343601193E-06 0.0132758801672859 1.70129917562446E-07 2.60597273884798E-11 1.31985903983566E-06 5.84492085487621E-08 0.058447554152926 0.000111501337892817 0 0.193065458830082 0.000634857119181674 7.52876658584694E-22 0.000284866410366431 0 0 0.000667752170632059 0.186310490429153 0 0 0 0.606530659712633 0 0 7.7835201060738E-06 0 8.76081545658066E-23 
5.16059855578967E-09 3.00160884493428E-07 3.77123647367678E-08 9.94002091125779E-26 0.0213077897780502 0.000620862620370856 0.00165565288209273 0.000189365728104734 0.000192598485145982 0.00739532869032563 0.17989152461646 0.204134274679857 0 0.104221391308844 0.00634315792371654 1.17283535189778E-06 7.68799997006599E-05 0 0 9.65152480320551E-06 0.103782096500264 0 0 0 0.0540147250746783 0 0 0.0234113371180311 0 5.94743348549894E-08 
2.59810935044522E-05 0.00120570540495666 0.197592278744188 1.10282470861314E-67 1.64132419416558E-07 0.0223988773636533 2.26583890220406E-08 2.85657097007754E-12 1.58904696926807E-10 1.66621679233376E-08 0.0267101051886922 0.000176060794343535 0 0.212007243577293 0.000285370592875136 4.1229478136267E-25 0.00182096930487695 0 0 0.00167564573667675 0.193384109975088 0 0 0 0.301528942652626 0 0 2.16291179691321E-06 0 1.25314803178174E-26 
1.59157943644222E-06 1.82584108555598E-06 6.26098210715091E-06 1.73105804422883E-31 0.0259866381384644 0.00216872114918529 0.000224124401726523 1.0144564900237E-05 0.25770103783724 0.00472174410442116 0.268140714296301 0.047231271839589 0 0.124779239857657 0.00258144581954416 6.72394734467739E-10 0.012950594829716 0 0 3.73917191002003E-05 0.119046439390831 0 0 0 0.134134126799951 0 0 0.00462584235923433 0 6.62847022073754E-10 
1.79518548971734E-40 3.47784324713959E-14 1.28769763067198E-25 0.0726622334476854 7.49719461391345E-12 4.28865456964783E-06 0.434736686943193 0.0915559731290121 5.37178916064663E-22 1.05365528918265E-05 0.156868056945324 1.92109379309888E-09 0 0.0426646228760785 6.06923410443328E-12 0.00207175226587889 1.72091184866798E-24 0 0 7.85447564644081E-09 0.0362583912489204 0 0 0 0.00111139454121892 0 0 2.49438571507997E-06 0 0.1292607999624 
9.5443202612602E-05 1.84781565884267E-05 0.000668365925696768 3.65824747432142E-40 0.00958187324319484 0.00499417932336115 2.82022547571972E-05 3.72754952854037E-07 0.00426518150595448 0.00220547147502768 0.143549462997296 0.0685248937351668 0 0.145747765898219 0.00668831089612796 5.38488078417718E-13 0.521417295899501 0 0 0.000131433417672091 0.135869443325474 0 0 0 0.14831678725588 0 0 0.00112444923490426 0 1.57413468022091E-13 
1.97509697934189E-38 8.47727975577191E-14 9.73867124976173E-25 0.0363590240691761 3.31130659055528E-11 2.5303511204057E-06 0.603353378961889 0.227851331488102 1.53509768414307E-21 4.80053380707807E-06 0.116377601639198 1.8140297641279E-08 0 0.0422457713614621 6.30948078672705E-11 0.0422709843753242 4.88857997154907E-24 0 0 8.02848407976838E-09 0.0382987668410618 0 0 0 0.00101820096146372 0 0 2.90452974741366E-05 0 0.192792119960283 
6.86613541469902E-06 1.24362933579746E-06 7.82355883566513E-07 2.20195344155964E-30 0.623706175653166 0.000836840768057533 0.000526586968273026 1.11156910495936E-05 0.00262939876873602 0.00219765113793013 0.117488078077248 0.019860161625568 0 0.117206315993848 0.0243507827966218 5.65230073368878E-08 0.00215878261895123 0 0 3.64498755996544E-05 0.120622612368018 0 0 0 0.0772162381161121 0 0 0.0269869882867974 0 9.85067881746651E-10 
1.17399513835656E-31 1.2458708803613E-12 6.72019737129542E-22 5.69283161548216E-05 3.95318266921071E-09 2.7967711702896E-06 0.454557729222349 0.226001751444115 1.97560334523108E-18 5.70496623492915E-06 0.0949217903293476 8.06249154745201E-07 0 0.0468446927501486 1.16346354808645E-08 0.37471641487338 3.98125018801768E-21 0 0 2.17444119053579E-08 0.046704569589385 0 0 0 0.00169193252387866 0 0 0.00112030776382337 0 0.0491641658318056 
8.9762346961567E-15 0.00204378151989119 0.00214261029212918 5.72856710183397E-93 1.63931537332266E-14 0.210227199605914 1.81082477846797E-11 4.27168067872623E-18 5.96278719057531E-22 2.08106457615688E-13 0.0086506785195428 9.711992387618E-10 0 0.285572787057515 2.92402063710742E-08 1.93626515528081E-39 8.12063292416677E-10 0 0 0.00956697618719065 0.224119884102557 0 0 0 0.349898341919493 0 0 1.27577337934452E-11 0 4.50198944177655E-40 
2.70505565219423E-10 0.000676474035251465 6.8653088308723E-07 3.49147898015555E-84 3.73314811050432E-12 6.25787929290857E-05 5.27105971727597E-09 1.60074625833591E-14 2.19424356582836E-29 8.22497673416754E-19 0.000206097110803181 3.06195482416715E-07 0 0.16362720889113 0.0182217072980068 5.43874238235493E-26 5.44802935850074E-18 0 0 0.000519089615124075 0.24040512119581 0 0 0 0.0240814315065858 0 0 0.000403404879498366 0 4.81396294155297E-37 
6.52674378433048E-32 0.27659115106181 5.46936706811425E-09 3.11705879693688E-176 2.97447676402259E-37 0.00167238418176949 1.28564759897831E-19 6.92394312225026E-33 9.58028085889634E-68 8.50235645626835E-41 5.4075331255501E-07 1.02972229360928E-21 0 0.413030353484524 4.97739593918478E-13 9.09070232097537E-72 7.85360585927572E-41 0 0 0.0758850486275966 0.524441679147392 0 0 0 0.0763591285639898 0 0 2.90355691897838E-17 0 3.22972731059661E-84 
0.000324024456963093 0.000210720889804846 0.00988806195523184 1.54802540245417E-57 5.18545305718636E-06 0.0178392076800163 2.42260604055924E-07 6.59952636698609E-11 6.16175673170117E-06 5.48818229552866E-07 0.0688664384372751 0.000606191811704667 0 0.19350952538928 0.00118329322373739 4.80340900483295E-21 0.00506909801701924 0 0 0.00077152350825463 0.182507100761009 0 0 0 0.459999875703818 0 0 1.16575554715242E-05 0 6.41721394102814E-22 
4.17552825261785E-46 7.96219375718986E-15 1.11821544422934E-27 0.0471258293760613 7.8704994761931E-15 1.16962223415739E-06 0.558960968701405 0.399086735955974 3.91530803192703E-27 1.81214034161933E-07 0.101885013544151 1.60536825372333E-09 0 0.0365491045993962 3.15579608439651E-13 0.00101535109021617 9.52652378494812E-29 0 0 1.70506048033796E-09 0.0312489735506652 0 0 0 0.000453767031206989 0 0 1.93757070859862E-06 0 0.015533161303354 
1.93176794592308E-41 1.90489434144861E-14 6.55712987370208E-27 0.0202962341668566 1.58169853430883E-12 8.68870618859068E-07 0.718487755937855 0.144175115771197 4.03169843443368E-25 1.68185176369412E-07 0.0643051720724908 8.24321855472015E-10 0 0.0383998064454271 1.48460648241397E-11 0.0371444569111098 2.1847401041206E-27 0 0 4.37854084890228E-09 0.0363482786937612 0 0 0 0.000593640527442459 0 0 1.89014378748478E-05 0 0.0255331892197419 
8.30071922234194E-08 0.0200628477965937 0.0231001239379981 3.63591663095898E-93 3.45581584543558E-12 0.00220417780335775 1.88476779167422E-10 2.91910590326172E-16 7.11014536102574E-25 7.50279567353682E-17 0.000657154634152006 1.34224136118724E-06 0 0.231134575116267 0.00202019921667038 5.66664934079445E-32 4.31157246985958E-12 0 0 0.00441927199344514 0.274785349003065 0 0 0 0.096604777897108 0 0 3.2667821669649E-06 0 7.88445189497645E-40 
4.04993176116312E-10 2.3161752213551E-07 3.13141412832005E-10 9.65595678397105E-33 0.00039377195168542 3.60222552313075E-05 0.000663052767108581 1.31303233359425E-05 2.01093416981903E-10 2.26931110146106E-08 0.0250697130746216 0.00178445494249961 0 0.094229056745133 0.0130637436743081 1.81233658117885E-07 1.79426280003281E-11 0 0 5.63667130758618E-06 0.118964827256372 0 0 0 0.0340647802787616 0 0 0.346401228676178 0 3.7391897082262E-12 
5.08202083633966E-59 0.0572552554498581 4.52928752123073E-15 1.71492324996211E-224 5.89891737655664E-55 0.0372774117902645 1.41487790548358E-25 1.97321585047583E-43 5.21442222181563E-97 5.21232762013542E-51 3.75566405133729E-08 2.44393286373345E-33 0 0.606530659712633 3.63324102878734E-24 3.17554534684182E-101 7.94857426646059E-57 0 0 0.4142922806701 0.500466928348657 0 0 0 0.024735453109448 0 0 6.26686906577703E-29 0 1.11683337244285E-110 
3.10742314818479E-24 0.375131209225053 0.000184688128142823 1.74707850772566E-148 8.63981668532243E-30 0.00786544183245514 8.00494060992781E-17 1.70528425063596E-26 1.24956002375174E-50 5.88705350698368E-31 1.99962339159037E-05 6.39952131722814E-15 0 0.363818794946057 8.07093604266534E-11 3.94791981828779E-60 3.89287738631732E-28 0 0 0.0265054656308717 0.390252417694305 0 0 0 0.118245909289316 0 0 3.62900404315113E-14 0 1.13379206413706E-68 
1.94438522155415E-05 4.99632317475628E-06 4.17436447633732E-05 3.77521422838344E-37 0.0199731475593155 0.00432457774703872 4.7431633343912E-05 3.67315228649161E-07 0.0901121094911753 0.00232900152599806 0.189340444480064 0.00491301414533784 0 0.141326690663385 0.00207914252025516 2.14340798270306E-12 0.0854076976122245 0 0 0.00011953919523445 0.131761572986736 0 0 0 0.174599775977586 0 0 0.000680980384094781 0 2.27056304701613E-12 
0.612360466439868 0.000135837305912718 0.00189793210906831 6.53748078943583E-52 0.00141328847159012 0.00200658524275495 2.84094100440996E-06 2.05046582887798E-09 8.33155355901671E-07 2.22564439240742E-07 0.0272076386330375 0.00506195585061225 0 0.162663667359873 0.202823356908868 8.84410330380854E-16 0.00084039169571129 0 0 0.000377127489971696 0.182541097611064 0 0 0 0.207758049565306 0 0 0.00432139787075008 0 1.46044186828995E-19 
1.18298435731381E-33 1.68166027936237E-05 6.88026964106374E-10 2.51392844409976E-104 1.61090940608586E-23 0.643757246875326 3.37559644014996E-13 1.97728667001464E-21 3.20335665089051E-36 6.33643514471938E-17 0.00610372298718215 4.67478393016549E-16 0 0.274310934322957 2.23095431120042E-15 9.86814889344928E-51 9.67310929721997E-20 0 0 0.00338371831209934 0.162518079786009 0 0 0 0.111696839483904 0 0 8.37657083258427E-18 0 6.94063760540002E-48 
4.90147303948731E-26 2.26257320290101E-11 1.39172111507595E-17 2.42980633082204E-06 1.7299768784125E-06 4.9557162260714E-05 0.12900240386481 0.0707849897874439 9.20268031866682E-11 0.0116741796841371 0.357672099029067 2.03059419821617E-05 0 0.0610027701972307 3.96281406251045E-08 0.00744732471545648 8.85563619549009E-14 0 0 1.49099632297418E-07 0.053082913035262 0 0 0 0.00672285589416136 0 0 0.000232221744245596 0 0.488360000976906 
2.02431787204693E-27 1.26942933353995E-11 3.37492823190841E-18 5.92735644970549E-06 9.91230787037493E-08 2.65029701858617E-05 0.168181413138701 0.138136742681113 4.49921671381583E-12 0.00367786013196987 0.302311292416546 2.21875171989185E-05 0 0.0576297517205624 2.21307194248327E-08 0.0200785553235228 4.1009843599016E-15 0 0 9.24982628636533E-08 0.0508971486630744 0 0 0 0.00508635203900546 0 0 0.00027617427989795 0 0.538706095769643 
5.51668686349502E-11 5.93907218917192E-08 3.46764568040304E-09 2.42264772710281E-22 0.0229317067468995 0.00144733489060573 0.00205573933715303 9.72717937692535E-05 0.00238916577751628 0.310357204491341 0.339283445668672 0.00453931920909676 0 0.104856426485372 0.000257207952624959 2.52457136039727E-07 0.000567889261310828 0 0 1.1916637794487E-05 0.0931344874044665 0 0 0 0.0588295976959699 0 0 0.000711864906119486 0 1.97888215838196E-06 
2.94577359663811E-17 9.65798566413864E-10 9.01734493670684E-14 7.2369325192374E-12 0.000193905554796191 4.54109943999056E-05 0.059043880856934 0.031956009222419 7.0200957861038E-08 0.004620807549052 0.195382661381724 0.00245758747376585 0 0.0706022984158834 3.90284973524703E-05 0.0412637457240246 1.91114694233284E-10 0 0 5.71147626157692E-07 0.0703608300897827 0 0 0 0.0133264458564827 0 0 0.0196074095495459 0 0.00998833360545366 
1.95414820754107E-11 1.46581907543221E-07 3.84489411023159E-08 1.47758213208871E-24 0.0100132663065775 0.0021132308267143 0.00111061839312888 9.94859281470152E-05 0.0059869662005782 0.436062966408078 0.391005938095676 0.0145264097299099 0 0.109439322891024 0.000140457777669357 3.00368070818199E-08 0.00455457204824165 0 0 1.5164923705079E-05 0.0937925379599969 0 0 0 0.0553943986577866 0 0 0.000578468249576662 0 5.05439787541547E-07 
6.57549959754173E-06 0.0186080955067149 0.418858838279419 1.2263594810053E-88 4.80262840044831E-11 0.00835259423821364 2.46068649511846E-10 1.0331988167256E-15 4.56834758922753E-19 1.0569228211274E-14 0.00268747939766859 2.62754901291542E-06 0 0.246051303840349 0.000478311763918048 5.36934946505243E-32 6.66069638608518E-09 0 0 0.00532244170873838 0.264467043519475 0 0 0 0.263214965275053 0 0 1.1068641346692E-06 0 3.58667189896486E-37 
1.74169323720185E-27 2.11042745229122E-11 8.19270838011995E-18 5.81025322137496E-07 3.07344426977324E-07 2.49892893521455E-05 0.149643977946512 0.208610962661466 7.56043485019153E-13 0.00182543157923916 0.26083939016689 6.17437486647878E-05 0 0.0572834022064768 2.8419529477098E-08 0.0123416849396241 3.70151599145525E-15 0 0 8.12224630086339E-08 0.0507501767432489 0 0 0 0.00434056149437416 0 0 0.00065616933954169 0 0.142529048591276 
1.86112032915247E-05 2.48740773191056E-05 6.16422100070104E-06 2.17089404823117E-48 0.0232021772524391 0.00173697091162765 8.20084837087881E-06 3.7137177922728E-09 1.87996207803474E-09 6.57957533560223E-07 0.0244807292996342 0.00100766426185314 0 0.147022647623898 0.105614060177477 1.72362680831019E-14 1.39902331348547E-05 0 0 0.000210939041884052 0.162965001497956 0 0 0 0.0864450493963165 0 0 0.0030583763500954 0 1.27130334165703E-18 
2.82957953817359E-49 0.06685082275994 2.20915627206383E-16 3.79403546198306E-208 2.18087108727156E-48 1.12618851500903E-05 4.71467355382852E-22 1.06746014519724E-37 5.58664358541402E-100 1.54532911949073E-53 1.34892956990148E-09 8.24761540933934E-28 0 0.332279047369293 5.69468455802487E-16 2.030968253359E-82 2.25803589417695E-60 0 0 0.0250062096253022 0.5323794742737 0 0 0 0.00126292161401234 0 0 3.80381405056151E-19 0 2.72239333293228E-103 
0.00129030005422915 0.00153051002947758 0.1108851181367 6.80010697866963E-70 3.62419929726863E-07 0.0238433381763282 1.53166317538563E-08 5.45488487696795E-13 6.01943308343854E-11 5.35871020271116E-09 0.0203761614265903 4.97695882775787E-05 0 0.221216181770571 0.00134017768480298 1.1768342968699E-25 0.000900564616174097 0 0 0.00273286201505445 0.211106265798368 0 0 0 0.350941594176504 0 0 2.3449993748431E-06 0 5.40375433349284E-28 
1.48190273081591E-17 7.83741353149744E-10 2.45968119507169E-14 2.82126265512236E-12 0.00102531948264339 4.05007229902657E-05 0.0568623918373162 0.0132039043173868 4.53024717003976E-08 0.00138054010458002 0.160270735292097 0.000463051545590802 0 0.0708388849235165 4.6882931232034E-05 0.0466929359903418 3.99082721595874E-11 0 0 6.99758914240695E-07 0.0728053081858309 0 0 0 0.0129983247973813 0 0 0.0239097103270207 0 0.00462130116298481 
1.54542289867528E-39 9.02481516984083E-14 1.53169056038252E-24 0.00918954422230686 2.74923176207904E-12 1.79634446367753E-06 0.559013464761473 0.509426471797118 3.26038512364547E-22 2.42338043783519E-06 0.111495705065983 4.86107189998018E-08 0 0.041103195612111 2.78068669522289E-11 0.0328978598620549 1.6984373898813E-24 0 0 5.72656423914193E-09 0.036999320045937 0 0 0 0.000845361718330712 0 0 3.54806328618771E-05 0 0.147169369958441 
4.40777420613394E-07 0.0145169687912803 0.0561920733779223 5.13178533431797E-92 9.92596218692143E-11 0.018279420596001 8.8921581669919E-11 3.84456970753673E-17 7.97706707314394E-21 5.03284408272048E-15 0.00209918300107867 5.6684533903326E-08 0 0.264756298913581 0.000187361367184477 3.54988678807274E-34 1.56491912398805E-09 0 0 0.0109360781808699 0.276601964388747 0 0 0 0.273188957199986 0 0 8.94784116680953E-08 0 3.35158030233204E-39 
2.16722498223306E-16 2.72844793554997E-09 2.80203910648287E-12 7.40218597651461E-14 0.000467381816227665 0.000134261138294793 0.0248137075832838 0.0113210636172622 3.22574894192727E-05 0.0144415085882608 0.317388212266377 0.00400723222826539 0 0.07867972561243 2.04341763603963E-05 0.00164465126851492 1.71674691822643E-08 0 0 1.16028172936656E-06 0.0744310604376227 0 0 0 0.0228855904857788 0 0 0.00736443749432543 0 0.00694488161547392 
0.000449654768064289 0.00169469801217681 0.310795702488476 2.31384896894883E-69 6.66922620691439E-08 0.0197625447717464 1.59416175945019E-08 1.6244796031523E-12 1.58729637054715E-10 3.37710091957236E-09 0.0239375116955901 0.000216477283772725 0 0.216188174996034 0.000615914249697518 1.35428298537349E-25 0.00063210040246774 0 0 0.00179911040178082 0.204469154557256 0 0 0 0.378056276782127 0 0 3.44489686907377E-06 0 1.74608263268901E-27 
0.00346291553910444 3.14764768935362E-05 6.42211392043795E-05 9.81012192735293E-45 0.0027878877858465 0.000491053718004566 2.90151641891652E-05 1.60652686307312E-07 1.24183562076092E-07 6.4937842073066E-07 0.0267066110673995 0.0624194017830545 0 0.134132097853732 0.501416817422909 1.25232015793926E-11 3.8542257067994E-05 0 0 9.63505089864814E-05 0.157906481674836 0 0 0 0.0809079550954392 0 0 0.0835339383000825 0 2.18095629880357E-16 
1.00609135927546E-21 1.01903421809697E-10 3.96008205157704E-16 4.43603015266315E-08 1.88925664843117E-05 3.99949767884312E-05 0.112273670946485 0.0484639862496282 2.50198349030845E-09 0.00502598372307973 0.251066950576143 0.000136319462776852 0 0.0644195127962853 1.30943915060921E-06 0.0468372299292795 1.47255598390233E-12 0 0 2.56541702840499E-07 0.060958236867192 0 0 0 0.00970088882731554 0 0 0.00221787921295349 0 0.183606191383156 
1.49475913523876E-27 9.03506311378653E-12 3.37305409625987E-19 1.05358700893258E-05 3.07821953533059E-07 9.89889989071212E-06 0.297729583144791 0.185367215419078 2.00726902255708E-14 0.000350235006860959 0.151036150903232 1.64369169619541E-05 0 0.0536249579532719 1.04410249757547E-07 0.37188241322332 7.13304702061579E-17 0 0 6.39150403936558E-08 0.0514749006436484 0 0 0 0.0032426773073547 0 0 0.00164216842214386 0 0.225143166756227 
2.70933367811791E-12 2.41195841191434E-08 1.22690745794379E-10 1.36649664105876E-21 0.0894417870260846 0.000902559351937056 0.00287776350714698 6.29814703825595E-05 5.24696289096795E-05 0.0595059664387134 0.233879764657467 0.000406331220800065 0 0.0993958627323567 0.000210026112265244 6.83014766182047E-07 1.10619225180212E-05 0 0 1.01825458721563E-05 0.0917236544227957 0 0 0 0.0413118086904904 0 0 0.000898796882404807 0 1.40361813394327E-06 
1.64299333781163E-12 0.00476235161057756 0.0213234435581112 4.89212929976432E-93 1.12559374261687E-13 0.137134185566426 2.42816317280976E-11 1.04703220291648E-17 1.69411320375015E-21 2.46538278713577E-13 0.0065306237784691 5.74295992583831E-09 0 0.28223883335083 2.32590155335884E-07 2.43402143155598E-38 8.12104369187893E-09 0 0 0.0111699100438541 0.232334791173272 0 0 0 0.29204589479878 0 0 1.01559803425007E-10 0 1.23600022632593E-39 
3.46263465870813E-12 9.08699491824739E-08 1.73268719254959E-08 2.74491124070278E-24 0.00110983569204621 0.00262264021183648 0.000816478877366607 6.92000676451711E-05 0.0627256221334264 0.133242668122922 0.606530659712633 0.00568840408422497 0 0.110457262058726 2.62630432163194E-05 3.5079858799636E-09 0.000670941093279658 0 0 1.20650694729174E-05 0.0932059943150496 0 0 0 0.089117992733219 0 0 0.000204465379067327 0 4.56179687960986E-07 
2.90927810639576E-28 1.08262079608125E-11 2.35242688482567E-20 4.10233859815526E-11 7.44768961963665E-09 1.47756146002604E-06 0.165292307424013 0.038246462227373 5.18126425114392E-19 1.13671383976512E-07 0.0365844431873018 3.21457955576388E-06 0 0.050114861742844 4.67567656540435E-07 0.229266640318495 4.04052800422905E-21 0 0 4.58813935615832E-08 0.0569121862892571 0 0 0 0.001902181006406 0 0 0.0130406500149522 0 0.000245990987577397 
7.40599579779031E-05 2.78517571493473E-05 0.00116091575791499 1.08886573144749E-42 0.00458527870013591 0.00608166999569998 1.54530080386427E-05 1.09229906998097E-07 0.000724103174391884 0.00116644640077638 0.117036234824225 0.0372125849083953 0 0.15175575452965 0.00609761784162677 6.08428305250169E-14 0.546953925142581 0 0 0.000186030347397003 0.140526940572445 0 0 0 0.145752765152808 0 0 0.000557536386133589 0 1.14409911540313E-14 
0.0795865541629181 0.000586668975913302 0.00322857049586105 6.38354394618978E-64 3.67614955149761E-05 0.00319321349662092 1.6238874353267E-07 7.78798962068077E-12 9.29812228301617E-12 1.79626153337116E-09 0.00917962343072569 0.000132286396159026 0 0.186403677415619 0.127301361972228 1.4758031310565E-20 2.23294299861173E-05 0 0 0.00130832872046342 0.212572060270414 0 0 0 0.173597376112977 0 0 0.000304169489557157 0 1.71130630640328E-25 
0.0204775610381741 2.27990998561795E-05 0.000101608768332661 8.96075035549056E-43 0.00149639343762521 0.00128966851964719 2.39726414258694E-05 9.63905450154973E-08 6.66824369492676E-05 5.58710771970574E-06 0.0572456984649839 0.034540546620308 0 0.141715330218445 0.125130652203838 1.65970128446667E-12 0.000662857045373428 0 0 0.00010811099805439 0.156737109514736 0 0 0 0.180679692056298 0 0 0.009489364387493 0 2.92833344893952E-15 
2.94071932215695E-48 2.00442284250024E-15 3.14061427453472E-29 0.473109786051356 1.85802888984596E-15 8.19904114518828E-07 0.689846430558313 0.245349893231906 1.32709084047098E-28 1.04912943018628E-07 0.0883352967803923 8.01781454855633E-11 0 0.0347252360250602 6.39044203602323E-14 0.000914300022692076 2.50395064822534E-30 0 0 1.42051290817197E-09 0.0294933371617711 0 0 0 0.000334921462459355 0 0 5.85951879846026E-07 0 0.0182578244628762 
0.00101678185893641 7.86253396585694E-06 7.77281891112457E-05 3.74321210273694E-36 0.0371309702293785 0.00263869203805302 8.6453304510167E-05 1.15421822231004E-06 0.0383287587358466 0.00181904365118786 0.149614499877286 0.0680913735002482 0 0.136557652911128 0.0255031835205694 5.66439244502604E-11 0.0933988980583515 0 0 8.34004253330373E-05 0.135129507506489 0 0 0 0.160685348826368 0 0 0.00477007221156788 0 6.38693987826369E-12 
2.75733789189051E-32 0.608622942315458 8.88548264267383E-07 8.85972262428743E-172 5.58704457110424E-35 0.0072374281787162 3.45121534080836E-19 1.97212082990693E-31 4.28218322513997E-66 2.67935930972271E-36 1.15697636599375E-06 9.0974716011775E-20 0 0.418405323423647 3.32498258932138E-13 2.09209835533294E-70 4.19161879588678E-35 0 0 0.121475035000269 0.437467126845549 0 0 0 0.0327501528767202 0 0 1.54715471342602E-17 0 3.23649521855047E-81 
1.58453524308287E-50 0.105007992087677 5.00114284692719E-12 7.70499574920715E-206 7.24232918069748E-48 0.0370413274661792 2.18118990172878E-23 2.47249433429145E-39 1.74662898512633E-86 8.03833349687954E-45 1.44428874353332E-07 5.46407455032472E-29 0 0.537816193211548 6.79579214076437E-21 5.41554796798877E-91 3.60787876953307E-48 0 0 0.427650230470987 0.449376285842134 0 0 0 0.0186538504197441 0 0 1.29092061165713E-25 0 4.00587138975003E-100 
7.20609967516253E-19 1.27941607314684E-09 1.73155246862599E-13 2.58307502589451E-17 0.000292342252406432 0.000972054565122167 0.00558509844058779 0.000169420585242368 2.45257248718123E-07 0.206269300347938 0.42944152840823 2.63699378869443E-05 0 0.0886980385151811 1.23459398985709E-06 2.02583618586501E-07 3.28747685617005E-08 0 0 3.10707023684471E-06 0.0730303401258208 0 0 0 0.0257316387947464 0 0 2.38734432147335E-05 0 2.03846795832815E-05 
1.54915943721127E-05 5.12410630289975E-05 0.0015817410756287 3.50557389483507E-51 5.88412038481586E-05 0.0210180306274066 9.51246870390498E-07 5.4324321386074E-10 0.000217862362756627 2.89963623429413E-05 0.126913068603501 0.000460362309179957 0 0.180009060811892 0.00042149444738246 3.40478860401753E-19 0.0394648406488953 0 0 0.000527111374001614 0.160375062068263 0 0 0 0.359037018855499 0 0 9.10548067024546E-06 0 7.08338821976769E-19 
0.00483760797555365 1.89114065025942E-05 0.000206511013372774 2.85765911872381E-42 0.0159290710126645 0.00280918116306249 2.02766536555684E-05 4.74965001824023E-08 0.00118005601673611 0.000112063026777911 0.0769911786356295 0.00482670309834374 0 0.148776223113855 0.0266823086939669 4.33612323873113E-13 0.0421142334175905 0 0 0.00020802894608775 0.151191553276147 0 0 0 0.178096249964107 0 0 0.0017287471583239 0 1.03067451255392E-14 
4.4709211175807E-15 2.01474319121034E-08 7.97614665995996E-10 1.95825402180646E-22 5.60667961677632E-05 0.00204847754243247 0.00113234044432527 9.3136343556509E-05 0.00127274439691776 0.215307988814878 0.611807440945837 0.000645973344852501 0 0.103254595247995 1.72237779618946E-06 2.10400034280906E-09 5.3727348475727E-05 0 0 7.66230338044546E-06 0.0827883837845382 0 0 0 0.0606922624385798 0 0 3.03635368854442E-05 0 2.08556477453838E-06 
8.0612361051869E-47 0.0686002610751082 2.4194746397408E-12 8.70569870553972E-198 8.72554851176369E-44 0.0303440537613223 2.25319723409383E-22 2.86660383500196E-38 5.5802045546085E-83 6.95641994662061E-43 1.78474187541796E-07 2.884410699283E-28 0 0.510203162010581 6.85348423332946E-19 3.08145677695975E-86 5.74533310017016E-46 0 0 0.464095213127874 0.459499213536413 0 0 0 0.0186754092110055 0 0 3.98191255553713E-24 0 3.12459052735765E-96 
3.78374759335987E-34 0.0838417050448579 8.92724037713203E-09 1.90733465896701E-171 6.65194271884869E-35 0.0305064428166592 1.56218085771967E-19 3.89482815960831E-33 8.88316931232547E-65 8.67791927797685E-36 2.26564729467233E-06 3.60611931364013E-23 0 0.454985800876988 8.10845406401659E-15 4.89478301199116E-73 1.29484178665961E-35 0 0 0.291611030254956 0.434918582188876 0 0 0 0.0602241396524973 0 0 9.64741933961604E-20 0 1.40850458296029E-81 
3.53141946668282E-13 8.78572838631031E-06 1.04965243218329E-05 3.569128476049E-47 2.94104066822864E-09 0.000943581396070954 7.14329757423792E-06 4.53023425943774E-07 9.77012583763758E-12 3.32382751143467E-07 0.0583986491630728 0.123150866691089 0 0.126782874885619 4.96695388620522E-05 4.44989360806906E-16 1.04104089542854E-07 0 0 2.25720939278605E-05 0.118763878092126 0 0 0 0.0464562322145724 0 0 0.000284788074156582 0 1.12802288772566E-17 
4.59670456584988E-30 4.94952096947674E-12 1.18894934474447E-19 2.41704656314343E-05 8.81456260195476E-09 8.06245428913485E-06 0.269125791577272 0.412656866259257 4.81967571255366E-15 0.000160484411862159 0.187601860435685 1.41106453422093E-05 0 0.0512797461632434 9.73845842266739E-09 0.0962951581479629 5.49100011080716E-18 0 0 3.74884772715798E-08 0.0475552280750807 0 0 0 0.00274216115485445 0 0 0.000743051379917259 0 0.30288510057992 
9.28639630927162E-30 4.08231814512333E-11 1.48222316577678E-18 1.18254855698074E-15 2.15528599850483E-11 2.4231965290028E-06 0.0492511647701565 0.129047212648555 2.18461796217239E-20 1.22903753387388E-07 0.0512564639979303 0.00015734419593148 0 0.0518988235413075 5.40421525329501E-08 0.000714092072007299 1.42790006394109E-20 0 0 3.33406453739845E-08 0.0537504659861454 0 0 0 0.00165754230537448 0 0 0.00632769522473589 0 2.36558419493838E-06 
4.73221257557124E-22 1.25213331664922E-10 1.31744430396033E-16 8.93984807148088E-10 4.08686501392516E-05 1.6592182915511E-05 0.136485560351942 0.0573091084858958 7.85777122600311E-12 0.000432486007327907 0.123445117761189 0.000214349302126942 0 0.0614457069878138 7.61428162794348E-06 0.332894009623663 4.24109270872995E-14 0 0 2.21761926295964E-07 0.0628964095846299 0 0 0 0.00548068816311395 0 0 0.0175481755717898 0 0.0118778956772616 
5.41437356963404E-18 9.17871431554916E-10 2.01068913771507E-14 4.98835065513226E-13 9.76093611455824E-05 2.61174271044597E-05 0.0639809149021269 0.0268046281754229 5.61223016491734E-10 0.000597670728949989 0.117386482815703 0.00337104053271906 0 0.0683091411186328 0.000100495882409087 0.106519384713916 6.11937742947965E-12 0 0 4.6613817695973E-07 0.0717126668095315 0 0 0 0.00950805115039162 0 0 0.0451267231056659 0 0.00142277225164648 
4.1930944399973E-08 2.08946377324167E-05 9.87003274123206E-05 7.91930481526395E-52 7.17124656662346E-05 0.0267900483706159 8.24885589100214E-07 1.97293790175732E-10 6.42839533670481E-07 7.56722009964138E-05 0.102490270272482 1.86845775733685E-05 0 0.177504699398456 6.78583466529817E-05 3.75541600927921E-20 0.0125940732827186 0 0 0.000664991644981762 0.149285078260452 0 0 0 0.190314741011311 0 0 1.29075863755487E-06 0 1.15927009776535E-19 
2.00048144083694E-06 1.85210525184062E-06 4.37614662879401E-06 7.66874804781096E-31 0.25917606543574 0.00147142364789606 0.000380137461886509 1.48610825748299E-05 0.0117570483257678 0.00836543907823854 0.168955640123274 0.062939824321233 0 0.120765192035398 0.00884173356342356 8.89155960526462E-09 0.0216980354118204 0 0 3.91424064753676E-05 0.117159658748817 0 0 0 0.0811352081267324 0 0 0.0119820309592339 0 1.18458947609126E-09 
0.000114521620484815 8.01337157524409E-06 2.67332481541972E-05 1.86710917411504E-36 0.0121534672016954 0.000679103431073307 0.000155410704426328 5.43760649375455E-06 0.000100533687088134 0.000102798823928982 0.0741055003213482 0.441897382212895 0 0.123646949265331 0.107163460717 2.56211930757989E-09 0.000944919223982163 0 0 4.47244230069957E-05 0.13367567719411 0 0 0 0.0785633958893342 0 0 0.0717812891106394 0 2.96342623713666E-12 
7.71240409956585E-08 1.01829636791132E-06 7.11652970367324E-08 2.15238723736717E-32 0.00216105387378987 0.000115744478375939 0.000752897499590936 5.37422032621655E-05 2.86268167024929E-08 9.89308676206742E-06 0.0427670450663411 0.150367800780295 0 0.101578930934596 0.0713049225685112 6.94291931538467E-07 2.87506094401786E-07 0 0 1.1815139463102E-05 0.117726601003941 0 0 0 0.0291533948241095 0 0 0.390689385698243 0 3.5111921374663E-11 
2.33168044247594E-32 8.08831131480855E-13 9.00048461522802E-22 0.00209602221854174 2.34434435043401E-09 8.59370663734237E-06 0.312566422610692 0.14047607793606 2.68024748227708E-16 7.45704507632106E-05 0.213107287390954 2.940470160529E-07 0 0.0494136221505074 9.42474429845204E-10 0.0161486435022912 6.22455660829453E-20 0 0 2.4841095881144E-08 0.044590687732253 0 0 0 0.00308893452242597 0 0 7.34602259041126E-05 0 0.334772622537163 
1.56701845187835E-55 1.68060167779674E-16 2.84345742018556E-32 0.145292983370853 2.30495725554201E-19 2.01657059295682E-07 0.624855727917428 0.270613917023901 2.92442809496366E-34 4.2496788616912E-10 0.0541592866005862 1.85312803539473E-12 0 0.0295438473015227 3.04471724628754E-16 4.14799675291167E-05 7.24923367791904E-36 0 0 3.22199573144094E-10 0.0248472007409908 0 0 0 0.000148073090086556 0 0 7.10324051833934E-08 0 0.00133490240544457 
0.00219051934445056 3.49080451826677E-05 1.28895316791832E-05 1.15745090156926E-49 0.00288581559105298 0.00150732011964235 5.7376512619458E-06 1.98960892885874E-09 1.48140539847075E-09 2.99721475848552E-07 0.0206815590119061 0.00141759007295451 0 0.150592783071719 0.269905752128906 6.52082989387901E-15 1.31123022468777E-05 0 0 0.00023229487721395 0.172263628633353 0 0 0 0.124975874698251 0 0 0.00262154791580231 0 2.75821026545646E-19 
1.44561689830449E-12 0.000796446062532656 0.00120202919550206 5.25750744766379E-78 6.16465300956846E-15 0.000725214731571182 5.56040661705316E-09 3.79028816369885E-12 4.28661827633522E-22 8.56804964259237E-15 0.00393843381936065 0.000298900814425128 0 0.170928484049975 1.75018694946656E-05 1.30674738152511E-27 7.10758978861537E-13 0 0 0.000192351288330523 0.182387984042231 0 0 0 0.0632671070630465 0 0 1.16232638031397E-05 0 1.10874012004154E-32 
0.107642433798259 0.00014045726688542 0.00404137050227298 2.94675053204847E-52 0.00310341770551113 0.00644298931430131 1.70364469300051E-06 7.89857084878622E-10 9.53248664279944E-06 3.04349149776093E-06 0.0450753275892886 0.00206067064292158 0 0.173799932021052 0.0480440004458558 4.24443528827491E-17 0.023391390877618 0 0 0.000644126289045445 0.17869843402168 0 0 0 0.242511824062944 0 0 0.000496757121279664 0 1.5844932992655E-19 
1.39043812689057E-05 8.73915728942541E-06 7.22613055397133E-05 6.75698524597716E-37 0.00576648689607794 0.00107062617221673 9.88365547382921E-05 4.68270541252237E-06 0.000725855139911901 0.000205432776047506 0.103820912790284 0.387390339763832 0 0.127305546325835 0.0194953686924904 2.2130709473103E-10 0.00350904858910883 0 0 4.76166404713992E-05 0.129887831046107 0 0 0 0.0955048407424788 0 0 0.0228741490022214 0 3.32279789422425E-12 
3.96528224478626E-29 2.07366852647547E-11 7.22697773543686E-18 8.99264051449742E-09 2.20160571271479E-09 1.58921596820054E-05 0.0967991047835449 0.298566434950208 3.57243259052576E-14 0.000262772984129549 0.241826543250653 0.000122906274751178 0 0.0556603453119788 7.87573550847587E-09 0.00226464485036473 1.5833349988133E-16 0 0 5.45581782701805E-08 0.0494104153876737 0 0 0 0.00369360336149042 0 0 0.000496459486866149 0 0.0198132621071867 
6.03265329786963E-25 3.65749383969244E-09 2.36651363370517E-13 1.51966837933032E-27 4.65361856884694E-12 2.04487657031889E-05 0.00124910651625182 0.0021586507114276 1.302933799577E-16 1.21441331531954E-07 0.0703659988443737 0.00292386912348555 0 0.0714782826665456 7.03397438672671E-08 2.91750340618035E-09 5.42355291252223E-16 0 0 2.62426195449619E-07 0.0683321168817921 0 0 0 0.00676582249940406 0 0 0.00083018435233883 0 2.872521567915E-10 
3.66058841973017E-16 2.51481158650538E-09 3.31398516114419E-13 3.00903336982009E-16 1.45274891716641E-05 2.24199725148645E-05 0.0245726634937022 0.0138337319774901 6.7081769105069E-09 3.9359014865263E-05 0.117494615010013 0.00364215606536581 0 0.0716921653069884 7.00878284880722E-05 0.00364832761600642 6.47750525652585E-12 0 0 5.17733916042566E-07 0.0772387878597975 0 0 0 0.0170838540326337 0 0 0.0674100266483039 0 8.09077631941806E-05 
