30 0.600000023841858 1.85929792213113E-05 100 0.03
-0.211744198146046 -0.128647511797763 -0.491205963470726 0.0784518187337108 1.39062206391223 -0.169834654578809 -0.651129928136374 -0.589472375374346 0.499817526028601 1.9590880053093 0.394346639936124 0.4447365433186 0.814155848144626 0.305420898974603 0.77413401881891 -1.39209132470526 1.98607449121394 -1.77607605906911 -0.677078563524445 0.593921006002427 3.76883187228217 0.878843752145229 0.716186727353607 2.21466405379818 2.56859998820823 -0.276165716590433 0.313239512645285 -1.09858805099454 0.571540553388903 0.0124660445648012 
-0.518659652590498 2.73659505694357 -1.27529960211521 -0.199087803803762 0.446588570479302 1.11935287414085 -0.273852055660467 0.779944413367421 -0.5733397622728 0.279791884300337 1.15557874207865 0.378370868683965 0.0438157902303225 0.838436356670426 0.469105210373693 0.258280534864809 -1.64110774177227 3.0491341810165 -0.595924237667139 0.0542602003804688 -1.27081226368972 0.26577753120371 -0.225169789759007 -0.984153181046626 -0.720674074472434 0.935130455925521 0.715120802500807 -0.0462084590730781 0.548397227911464 2.49434014698706 
0.490904245439902 -0.334024270292666 2.77418905341902 -0.426017254586309 -0.199769981452645 1.63250024520745 1.57153803572653 -0.562969090919899 1.15714684988425 -0.553984967376813 1.0803245171959 0.548165656415823 0.331340297745234 0.0610778606781167 0.500472883461263 0.257314651182038 1.47501374541669 -0.0207395095156627 0.599580386899678 0.0708303843023397 -0.857666189403458 0.0766694862752545 0.363035856208707 -0.891101577447719 -1.08071762008002 0.244038274131517 0.0288217966579002 -0.678860120444597 0.177962330252846 0.0696850855735464 
0.583736486054071 -0.696864380979189 -0.823681297348328 0.646140273356337 -0.509548257950187 -0.771256086266506 1.61800632825511 1.53423850952452 0.0548614701171327 -0.551510651017235 -1.85136432969271 0.054167860212814 0.838651642128197 0.0415637465387414 0.717611874787887 1.92106144614375 -1.49018837823474 -2.24915738057872 0.751917591646671 0.20114846117848 -0.538385394246795 0.221450310769235 0.213448559459445 -0.738693795771749 0.950338387003146 -0.587527347161511 0.540050940839597 2.59623710712544 0.547834193123427 -0.919138013075217 
-1.40329587344286 -1.49854039393799 -1.50605818512785 -0.928483596850214 
0.0137306812808528 0.140130008947881 0.00122023569200021 0.0226509302511383 0.334550908081149 1.67798145333452E-21 1.85713279945548E-20 1.36574440973963E-05 1.30360803709828E-28 3.41280359286699E-11 4.1549993319696E-05 0 0 0 0 3.30031721408651E-40 4.65430979541934E-13 1.52701305759225E-05 0.0161992788060423 0 1.16534533285946E-30 0 1.32295961300857E-107 6.55784934521863E-11 1.60162342046363E-14 0.262266714301277 0 0.00161682929419978 0 3.67880132828476E-06 
0.00132248784951036 7.3628102602787E-05 3.30423743256236E-07 0.00412392711179302 0.606530659712633 1.11176551549835E-43 4.22907898087087E-61 1.84566661013738E-15 3.485883746859E-47 8.87405077145736E-32 2.19856886719033E-08 0 0 0 0 4.66967408474467E-81 2.81432670013465E-34 1.77758836588606E-10 0.00119071129361884 0 1.64986523440269E-69 0 8.44119673757813E-204 5.44180522593387E-18 1.12406791667223E-35 0.437351271166 0 0.0351855952839122 0 8.91281827069954E-08 
0.076902195738299 0.00121502424340187 0.220275738348691 0.0880176222617249 0.181101644669488 7.82396784919879E-07 2.13980810585201E-05 0.00456365502266735 1.51100859651064E-14 0.389225175851314 0.0382707996196293 0 0 0 0 4.78445418734945E-15 0.0438804790377563 0.0220305187895813 0.0768280811049588 0 8.7370455877624E-05 0 4.90250918248744E-43 2.1588602041067E-05 0.00170712870638837 0.171084404302309 0 2.62491090614309E-06 0 5.2394367454029E-05 
0.59017688360391 2.09184976773337E-20 1.09272209450553E-05 0.477797891809472 0.0357408909490365 0.000143525509356195 3.50283572447233E-29 4.56454885969688E-14 0.152155061225503 1.75194130127292E-35 0.232501878470447 0 0 0 0 0.000474383119414897 8.09951668203404E-18 0.153001794009009 0.446124613294793 0 1.82932659995419E-16 0 0.00458838199699569 0.634750268312209 1.44513280837105E-09 0.0435250225525051 0 8.9117374467926E-16 0 2.53870115770642E-12 
0.173683360217043 2.35916082457446E-07 0.0976985163417508 0.167127790429858 0.11453159252585 0.00710786985036786 7.8277552327288E-07 0.00020384051695989 1.2154641506866E-08 3.49662504782289E-06 0.293354820648048 0 0 0 0 2.57883158509342E-07 0.0197029791293111 0.216393709316133 0.160734347342286 0 0.356631315429632 0 2.35668038858821E-20 0.00277976433437709 0.0215083788381536 0.120811572017626 0 1.13175281943905E-08 0 6.69046942640633E-06 
0.0646558895603396 0.000136431043072998 0.118430333789274 0.0780168008866186 0.186310490429153 1.20597516988841E-07 2.10769187880983E-12 0.00025760788351533 1.67015041178055E-15 0.0187379005326223 0.058447554152926 0 0 0 0 1.75343140507146E-19 0.00409828822585904 0.015606529001657 0.0527904957579009 0 3.48854052730142E-06 0 4.58884180992627E-51 8.95552478595742E-06 8.35048243166292E-06 0.193065458830082 0 4.15201132234676E-06 0 0.000618232079917445 
0.200777903274864 6.85373117060401E-08 0.0578050917923152 0.184255724696679 0.103782096500264 0.0061801805025517 5.039466770886E-05 0.000685080767561974 5.42410730455648E-08 1.06617184594106E-08 0.17989152461646 0 0 0 0 3.8267747249785E-05 0.00130020771219839 0.196174458556659 0.196225906201528 0 0.020387679094459 0 1.70647045453044E-16 0.00486088637076493 0.0377514466789268 0.104221391308844 0 1.92930852562506E-09 0 5.30955760513077E-07 
0.0490516623761309 0.00432380501181331 0.0251062734356404 0.064444702100441 0.193384109975088 4.12256993840659E-09 1.57445325811153E-12 4.18269137335141E-05 1.30096914620273E-17 0.00472731659026778 0.0267101051886922 0 0 0 0 3.93495033008807E-22 0.047086970088028 0.0160841804679132 0.0386760211782575 0 8.17680174687401E-09 0 1.89997072441194E-58 1.24969372243723E-06 6.43267196683272E-07 0.212007243577293 0 3.50498912016E-05 0 0.00244712583260108 
0.156033707540812 9.66091853568309E-07 0.0620433430795483 0.156038467727924 0.119046439390831 0.00167916234804349 2.57882521756819E-06 0.000187598064837316 2.24315816020569E-09 1.0945615616557E-05 0.268140714296301 0 0 0 0 6.20213317022459E-08 0.033894237756076 0.186941912578183 0.143335677312646 0 0.688742616002725 0 1.1822466578581E-22 0.00165881609443477 0.0470612356686305 0.124779239857657 0 1.9696662017392E-08 0 1.01650715803873E-05 
0.611162715239245 1.88330542596845E-20 1.26240892306963E-05 0.471949479672363 0.0362583912489204 0.000308842863871433 2.01574204727195E-28 4.70337141371682E-13 0.183836565545255 1.95073950613142E-35 0.156868056945324 0 0 0 0 0.000829974161588024 3.42159136140991E-18 0.129640976973106 0.472083464992227 0 4.40707048106862E-17 0 0.0113691382128592 0.685685188592751 4.59414063934024E-09 0.0426646228760785 0 9.34249156411529E-16 0 1.23923698599772E-12 
0.117420383555303 3.29899430355564E-05 0.0725241161135228 0.1237868160548 0.135869443325474 0.000396348634068526 4.45564788084909E-06 0.000695459622801505 2.32636027444461E-11 0.000570641341373292 0.143549462997296 0 0 0 0 9.32163096663316E-11 0.69064607671567 0.158558805142423 0.104710598133642 0 0.0255448692436166 0 2.94664721332931E-30 0.000268752216629602 0.00662931654847175 0.145747765898219 0 2.76625503798446E-07 0 7.96010783466784E-05 
0.606530659712633 1.84124853615551E-19 2.62753745759176E-05 0.467661549657453 0.0382987668410618 0.000109334395147531 7.77845481677767E-25 1.56389613573668E-12 0.108118278200295 3.85572532748058E-34 0.116377601639198 0 0 0 0 0.015664088051497 1.28280860041989E-17 0.10320293884278 0.540252686414262 0 1.98112513905439E-16 0 0.229009633513131 0.592919379596989 4.19777517958154E-08 0.0422457713614621 0 1.13855729804663E-15 0 4.70761466358381E-13 
0.170932578371089 7.67135613683624E-07 0.0576819170942739 0.158479698595826 0.120622612368018 0.00487107328699353 0.000231863976097688 0.00357656457742353 4.38885509296187E-09 6.98363108416556E-06 0.117488078077248 0 0 0 0 7.00029783572671E-07 0.00433571546364545 0.136655293033704 0.178095372508325 0 0.0302563160917698 0 6.98064373573333E-21 0.00185866489036724 0.540935135048431 0.117206315993848 0 1.92496177121948E-08 0 1.34095592943986E-06 
0.523872490984779 4.15015198439859E-17 0.000185596773983971 0.411635139981916 0.046704569589385 0.000120376339259244 2.15156968021276E-18 1.18774057053306E-10 0.0126050384767043 6.01095151227091E-29 0.0949217903293476 0 0 0 0 0.204909112718582 1.85088742882797E-15 0.0836286630646751 0.54396060507855 0 1.32617459014124E-13 0 0.102909219972785 0.324779917714714 3.86805802252438E-06 0.0468446927501486 0 8.78289509440051E-15 0 9.00797082106724E-13 
0.0235862614697953 0.000194234302741482 0.000653395341278567 0.0363880188772945 0.224119884102557 1.58616548574928E-13 4.42076950833763E-28 1.6575209442499E-07 9.06596132220855E-23 5.10571115822877E-09 0.0086506785195428 0 0 0 0 4.80159928125834E-36 1.08415275477936E-06 0.00240876019813215 0.0125201046166914 0 1.26823675981535E-18 0 1.23604103007564E-88 9.69890951533237E-09 4.84910594074696E-14 0.285572787057515 0 0.000596393403000653 0 0.184624887003594 
0.0384588253243048 0.00349556595424127 0.0169035018721027 0.0498980455324601 0.24040512119581 1.09582182576912E-16 4.27444380025188E-09 0.00033103443147898 1.86116904519379E-21 3.11738338038311E-10 0.000206097110803181 0 0 0 0 2.44377383929652E-25 1.1317022913957E-11 0.000102537524482468 0.0657347805837723 0 2.45360810493303E-22 0 7.79127583704936E-73 3.69875394293735E-08 1.48937864931572E-08 0.16362720889113 0 3.97753040238397E-06 0 6.02765664162988E-09 
0.00252180164748549 0.00255685899631263 9.82047331307816E-06 0.00683560991065997 0.524441679147392 8.47762294793374E-37 1.42374248832707E-49 3.93899452194692E-13 1.28837378580043E-41 2.80688215373794E-23 5.4075331255501E-07 0 0 0 0 3.73051630337023E-69 4.39740069220707E-26 7.77333312164526E-09 0.00230159661497549 0 7.02962122483054E-55 0 7.38445756967673E-175 8.43486362501132E-16 3.44336161592113E-29 0.413030353484524 0 0.0237867119166009 0 2.97899095891283E-06 
0.0665863496354834 0.00035168064484684 0.105723407857893 0.0797587529808138 0.182507100761009 3.33592662484064E-07 5.89622260561361E-11 0.000359511554017857 2.93926282724506E-15 0.0165791512707836 0.0688664384372751 0 0 0 0 1.30641410772287E-18 0.0360367153700956 0.0270711238114783 0.0558983611661054 0 1.52216720554389E-05 0 3.29281972922277E-49 9.48413620096048E-06 1.0153110916567E-05 0.19350952538928 0 6.06446164652156E-06 0 0.00126846474067941 
0.647699131877298 1.58880140387454E-21 3.36524453738236E-06 0.517106077259866 0.0312489735506652 2.38017260914765E-06 2.03146233234265E-30 4.33161846877333E-15 0.163830418709023 2.16358590600949E-40 0.101885013544151 0 0 0 0 0.00100072356022057 1.82236357382246E-20 0.0735039529979904 0.504847775547 0 2.24232436064123E-20 0 0.00575225041325934 0.678693762953286 9.84335662760669E-11 0.0365491045993962 0 6.4753890402083E-17 0 5.44932110936264E-14 
0.635641385013723 1.24297107043952E-20 1.10982931687164E-05 0.486751381809226 0.0363482786937612 1.43811129043402E-05 7.56775885616285E-27 3.00585149540722E-13 0.118790919537958 5.45106796546521E-37 0.0643051720724908 0 0 0 0 0.00472757650408651 4.22302467496276E-20 0.0538968389591594 0.602860509313039 0 2.69239890154911E-19 0 0.0194503312069157 0.561189177366128 6.882783083006E-09 0.0383998064454271 0 3.07050185330397E-16 0 3.75947341087281E-14 
0.0256231909868577 0.349647334606803 0.0130972936158691 0.0376499301627642 0.274785349003065 3.1345336018243E-16 3.77013197583721E-12 0.000109024870688392 1.75690840474317E-23 3.77706636405236E-06 0.000657154634152006 0 0 0 0 8.77431309876361E-30 2.3775865754971E-07 0.00031099562619588 0.0307650952889766 0 2.26994192247039E-19 0 4.77836421628972E-82 6.44071844854332E-09 1.02719697245207E-09 0.231134575116267 0 0.000260584460635163 0 1.79856193877732E-05 
0.178288264898382 6.05243596235938E-08 0.0637393095518864 0.166529529280981 0.118964827256372 7.64627201403969E-07 9.84436827095595E-05 0.000342019540777244 8.95330357783601E-10 1.66351321197737E-10 0.0250697130746216 0 0 0 0 4.50452784172455E-07 4.39354521798759E-08 0.012460231877251 0.256426265495432 0 2.95406596036002E-07 0 3.22827033221633E-23 0.00131292149258119 0.100954113282456 0.094229056745133 0 5.60351988701975E-10 0 1.09879131917015E-09 
0.000666892373674674 5.77223439054062E-08 2.26646768887432E-10 0.00270531404312659 0.500466928348657 6.45481136596531E-47 1.6391715035404E-86 1.60963157294599E-22 2.32617560152073E-51 8.91816793813468E-42 3.75566405133729E-08 0 0 0 0 5.36735996790439E-97 5.04328954845443E-37 2.35222828776065E-10 0.000232587102540643 0 2.16183940770289E-79 0 1.71412291319429E-233 8.29145399425293E-20 1.11625763572702E-45 0.606530659712633 0 0.316148997518285 0 0.00063791019048895 
0.00501552820939075 0.0776109829578503 7.4595876187047E-05 0.0122270959463836 0.390252417694305 6.52211304153775E-30 9.45046684303153E-38 5.84917823195811E-12 1.09285478509046E-35 5.65021531823006E-17 1.99962339159037E-05 0 0 0 0 6.33214282831314E-56 6.25720804834398E-17 8.93697640939816E-07 0.00394083792456493 0 2.41673344145112E-40 0 2.36652970471071E-143 1.89690878088216E-13 1.83123885386757E-23 0.363818794946057 0 0.00623675146845708 0 0.000136961258568185 
0.129049795397799 3.33321229802949E-06 0.0455423482610984 0.133264733591115 0.131761572986736 0.0011012645972872 1.0260495051187E-07 0.00027053702195044 1.40436285167721E-10 0.000219988713825758 0.189340444480064 0 0 0 0 1.42990527587161E-10 0.0628171790358643 0.159005186315346 0.113940038404705 0 0.0669884492782841 0 1.18078206867019E-28 0.000505542015673304 0.0129579066040993 0.141326690663385 0 1.55408769019073E-07 0 5.12284910822503E-05 
0.0833087030484193 0.000750591769836493 0.2963923553181 0.0909628489282328 0.182541097611064 1.135475756277E-06 0.000371294979598352 0.0212299644675454 3.43927554371936E-14 0.224417461887928 0.0272076386330375 0 0 0 0 3.31900719798786E-14 0.00763240735577604 0.0169740553137733 0.0929280198028052 0 2.65559122711891E-05 0 2.58162344568953E-41 2.7501783525376E-05 0.00546444947507524 0.162663667359873 0 1.79347036296353E-06 0 1.3320787829178E-05 
0.0188173181807745 9.08673078312557E-10 1.2719681866466E-06 0.0325156642796611 0.162518079786009 9.56150995799188E-17 3.82926021278165E-50 2.45845001236599E-13 1.55349269340435E-24 6.9087479504442E-23 0.00610372298718215 0 0 0 0 8.03154235502996E-47 7.85814237534024E-14 0.000990915200010411 0.0056426194182481 0 2.11814776108279E-30 0 3.08880996561204E-107 1.38562152106095E-09 1.3876576925748E-22 0.274310934322957 0 4.80474816129848E-05 0 0.646529413954934 
0.438493669300694 3.91176427438827E-15 0.000527572152256695 0.359390752180869 0.053082913035262 0.0238475811090302 1.69976370789055E-17 2.08182045192098E-09 0.00547736718848195 4.82072567694942E-23 0.357672099029067 0 0 0 0 0.0269731317236909 1.6716287623147E-10 0.386546406806051 0.365242467478235 0 3.59336592345003E-08 0 0.0099554230459007 0.256673091855494 4.5942631980163E-05 0.0610027701972307 0 3.67696324018744E-13 0 6.87850541404765E-10 
0.453256494850707 2.00577809622502E-15 0.000455841215654604 0.377797225025135 0.0508971486630744 0.00519025361355722 2.26392025034967E-17 2.77773212432415E-10 0.00672861931393103 2.30959654600624E-24 0.302311292416546 0 0 0 0 0.0747691652252094 3.2893381275194E-11 0.318064238037481 0.403915238393344 0 2.72171934643902E-09 0 0.0399107843763425 0.247428183868839 9.8045643379816E-06 0.0576297517205624 0 1.50487398038707E-13 0 1.66822659881731E-10 
0.221572403018751 2.09838787242698E-09 0.0201272662326495 0.199310903849968 0.0931344874044665 0.356705083612067 1.04448629084737E-09 9.07159935253458E-05 5.95195667866221E-07 9.24925228493681E-10 0.339283445668672 0 0 0 0 4.74702976402865E-06 0.00096563799558489 0.443196249134181 0.1819406593926 0 0.01316316172065 0 2.50321228493947E-15 0.00962479722054969 0.006251180980611 0.104856426485372 0 1.98256081616459E-09 0 2.86855176550244E-06 
0.346420523570042 6.70737326926263E-12 0.00812451983985883 0.29373893363112 0.0703608300897827 0.0103567528057429 3.15645225639346E-09 5.08085803023143E-07 0.00012554146975329 2.57562838981081E-16 0.195382661381724 0 0 0 0 0.187744090840144 7.75833845025621E-08 0.221357072228933 0.363094123652491 0 1.3036738297188E-05 0 6.60017531826656E-05 0.0760757574548527 0.0062007918865932 0.0706022984158834 0 6.29844005321529E-12 0 1.02743927917022E-09 
0.203352126521042 1.13643864427345E-08 0.011250418287588 0.191277394421114 0.0937925379599969 0.0565862313640264 2.50252840750194E-09 1.65817764714947E-05 1.68544074959462E-07 8.27508395772673E-10 0.391005938095676 0 0 0 0 1.79522617000439E-06 0.00820022069546374 0.606530659712633 0.16364134565751 0 0.0311508087302807 0 7.43842900091501E-17 0.00584859317341377 0.00385577771399398 0.109439322891024 0 3.55625768633938E-09 0 7.18557369164998E-06 
0.0269198382253564 0.216836852284864 0.0181606082858668 0.0405293743354309 0.264467043519475 1.94026817354572E-14 1.20901689105936E-13 4.10994547571023E-05 1.73564562589821E-22 0.00110827865828533 0.00268747939766859 0 0 0 0 3.73095917030364E-29 2.49898958460028E-05 0.00083619362600981 0.0265372341182504 0 2.92038686459647E-15 0 1.15504295171711E-78 1.92151397536268E-08 6.09531536723322E-09 0.246051303840349 0 0.000310368610302064 0 0.000330938018474634 
0.440664319757655 4.81686420191236E-15 0.000310036063882039 0.368064172742532 0.0507501767432489 0.00237345296141222 8.68355544140786E-17 4.83048856397559E-10 0.00322135371701299 2.00940469131696E-24 0.26083939016689 0 0 0 0 0.0882286136492018 5.21650287971284E-11 0.287237376204115 0.380123944087169 0 3.64438526319512E-09 0 0.0154541506571292 0.22393112921809 3.59879045440056E-05 0.0572834022064768 0 1.44139661246286E-13 0 1.50283493575128E-10 
0.100836142706362 2.95872484406462E-05 0.0601425229936024 0.0984286136462228 0.162965001497956 9.57524277864671E-06 5.22621461612227E-06 0.275310315146109 4.26183784727308E-13 2.1176209659979E-05 0.0244807292996342 0 0 0 0 1.11630815646792E-13 0.000155843475466091 0.0240049397726212 0.10960426945451 0 1.16261905130264E-06 0 9.56910024907875E-39 5.34416666154977E-05 0.00854142071188593 0.147022647623898 0 5.80011018274357E-07 0 7.35191459088115E-06 
0.00132049995551397 4.48862849906751E-05 1.62185871205331E-08 0.00420038125835181 0.5323794742737 9.10919971874535E-48 4.08648862174743E-59 4.40379845782382E-17 1.43467682317578E-48 2.25722396202772E-39 1.34892956990148E-09 0 0 0 0 8.36528800341173E-81 1.11498183809017E-38 3.53139841823309E-11 0.00161699131036695 0 2.00865324959657E-78 0 5.76298826771463E-207 1.25668232970718E-18 5.41301332236025E-37 0.332279047369293 0 0.00395833383045241 0 3.0411477882759E-11 
0.045662037467488 0.00494924094631314 0.0410997145929411 0.058996754985139 0.211106265798368 4.97939021437254E-09 5.41269633968459E-12 0.000446210544358726 4.55505360107329E-18 0.0630938876360167 0.0203761614265903 0 0 0 0 5.98376293173527E-23 0.0112484368728622 0.0110332614369703 0.0364942363891514 0 4.18196208582442E-09 0 5.69481433692303E-61 8.29539322308803E-07 6.29890813509554E-07 0.221216181770571 0 7.32557832339E-05 0 0.00281876489288225 
0.349244553950221 4.41521592399219E-12 0.00563723432242347 0.287777066266571 0.0728053081858309 0.00976511838052177 1.20817495586444E-09 1.55849371335768E-06 0.000114542289318304 1.52021403949472E-16 0.160270735292097 0 0 0 0 0.072889678603862 1.31282666202402E-08 0.1660676297392 0.382124478532435 0 6.3899833949042E-06 0 1.08370106529083E-05 0.0696489152872907 0.0216717865297982 0.0708388849235165 0 7.92185118881209E-12 0 7.75638249885126E-10 
0.595817789635247 2.83843343626865E-19 1.97205514339414E-05 0.480107121069724 0.036999320045937 1.53635599809919E-05 1.35304730945823E-24 1.44178838076618E-13 0.0687825909762056 5.08906371570718E-35 0.111495705065983 0 0 0 0 0.0285093795658828 1.51085351912371E-17 0.101475546973701 0.550197457644595 0 6.92465075381112E-17 0 0.23357562002117 0.487772130642747 1.47051916635195E-08 0.041103195612111 0 6.78559772774356E-16 0 2.27156992783949E-13 
0.0248534973976019 0.0490629999098881 0.00800051526771397 0.0359892013735101 0.276601964388747 5.20260787403001E-14 4.8777206312874E-17 0.000262154301688854 5.11524942865048E-23 0.000235633971073261 0.00209918300107867 0 0 0 0 7.68623713228998E-32 2.23537825390456E-06 0.00069502501782274 0.0219371885675899 0 7.01345896190377E-17 0 1.36507896800404E-83 1.04165466035225E-08 1.45873184319622E-09 0.264756298913581 0 0.000959561228566015 0 0.0015846009733411 
0.313611252328631 3.60003295020983E-11 0.00832807871766036 0.27472508330408 0.0744310604376227 0.0102660053779587 8.15005429804754E-10 3.23044008950392E-07 4.26580747660034E-05 7.19908045683529E-15 0.317388212266377 0 0 0 0 0.0162530297395146 1.87307495584854E-06 0.298392526640568 0.313969857471114 0 0.000605187903638472 0 7.1584695563128E-07 0.0499807389821558 0.00889667105908479 0.07867972561243 0 2.25608112908493E-11 0 1.21310027281086E-08 
0.0459773894639127 0.00750917121480521 0.0503048580665747 0.0615630958293351 0.204469154557256 1.46141016566406E-09 7.22111526902927E-12 7.01648208671775E-05 4.63405656493907E-18 0.0379139382237176 0.0239375116955901 0 0 0 0 1.62084431157887E-22 0.0257197925395121 0.0104177131596352 0.0374786478720887 0 1.03617024399684E-08 0 5.04619197853373E-60 9.41718628507083E-07 5.07351171047082E-07 0.216188174996034 0 3.78247297782134E-05 0 0.00191993944166254 
0.109904168840386 0.000194369780318987 0.216172643221218 0.113225302119841 0.157906481674836 1.32537176877003E-06 0.401217085778777 0.0114677013433617 1.40024823186881E-12 0.000451879016592175 0.0267066110673995 0 0 0 0 2.66845526718619E-10 0.00162731086471247 0.0240110572919902 0.142992235839024 0 2.67423301071475E-05 0 5.18683845535452E-33 9.69698031166843E-05 0.0280316910213857 0.134132097853732 0 1.61062930190132E-07 0 5.724925889068E-07 
0.407502160830376 8.24994305930119E-14 0.00273555489055337 0.332454741188584 0.060958236867192 0.0204626462075641 1.27539879609204E-13 4.55159401948586E-08 0.00146296198363155 7.66316216644454E-20 0.251066950576143 0 0 0 0 0.102088059149061 1.49229633727473E-09 0.25595390570803 0.391800930718729 0 4.39576081465482E-07 0 0.00464122499199435 0.174647628604509 0.000594246964207564 0.0644195127962853 0 1.13550545374721E-12 0 5.57365275690536E-10 
0.478981204200899 1.44002834994165E-15 0.000483612059541971 0.38106994546024 0.0514749006436484 0.00236848650501454 6.28547936695029E-16 2.04948082386479E-09 0.00714410213668258 3.93868359825337E-25 0.151036150903232 0 0 0 0 0.416768944333314 1.79870770622978E-12 0.177868111576268 0.475468085309966 0 1.3786667322984E-10 0 0.23017152627739 0.263695383715549 4.21273708335417E-05 0.0536249579532719 0 8.05966197122376E-14 0 1.89003437951003E-11 
0.236032780133379 3.69511887880364E-10 0.0102837780130997 0.202662879763138 0.0917236544227957 0.379403853363065 9.55046535486508E-11 0.000258020240432886 1.05421834842455E-06 4.21924433602741E-11 0.233879764657467 0 0 0 0 3.14368247938014E-06 2.72941340796874E-05 0.312474037340139 0.199706067669442 0 0.000909921170077271 0 3.04931450183048E-15 0.0120670059951354 0.0161959089115729 0.0993958627323567 0 1.2591218381136E-09 0 9.14059764837494E-07 
0.0233248725339513 0.00156870167752149 0.0012931756438571 0.0362958137295314 0.232334791173272 1.60487218806889E-13 5.150956985631E-25 5.71275265450921E-07 6.19613100687738E-23 1.41745846311832E-07 0.0065306237784691 0 0 0 0 5.76184631916574E-35 7.04438321680535E-06 0.00232641768862988 0.0140516172935621 0 5.41647373559158E-18 0 3.58459212011706E-87 9.15302244325752E-09 4.4189265646407E-13 0.28223883335083 0 0.000901986489801595 0 0.0930671256266774 
0.201394589119665 3.45781103590734E-09 0.0136012051942952 0.194117578276111 0.0932059943150496 0.0234835717733968 2.2149597565023E-11 2.81745588234011E-06 1.89647729941133E-07 4.84258360689684E-10 0.606530659712633 0 0 0 0 3.32008345676286E-07 0.00253492179911458 0.464757651051797 0.153393090744089 0 0.0860382921599907 0 8.94646497505261E-18 0.00697645468199681 0.00118226021970299 0.110457262058726 0 1.94636288264367E-09 0 1.00404467360729E-05 
0.436828839744903 3.05988681135277E-15 0.000818110685457343 0.35119001500313 0.0569121862892571 4.12734847199396E-06 2.77280254694816E-14 2.32857355754491E-09 0.000330846339006919 1.35370151523827E-26 0.0365844431873018 0 0 0 0 0.0428603857626979 3.7592155580656E-15 0.0315264562054913 0.606530659712633 0 3.53094348423235E-14 0 8.47503518072594E-06 0.08156486788791 2.15799697299899E-05 0.050114861742844 0 4.14467362300454E-14 0 3.20303987352023E-13 
0.109425244666713 5.79695689653588E-05 0.0599495051874615 0.11617233454167 0.140526940572445 0.000175745273127948 1.92354423918151E-06 0.000620983685146945 6.78021124117477E-12 0.000604910361416309 0.117036234824225 0 0 0 0 9.24901549463233E-12 0.697604996478933 0.143669524064159 0.0975034656667073 0 0.00407775758729409 0 9.92459262339368E-33 0.000153083353829537 0.00252664997086152 0.15175575452965 0 5.36198319752163E-07 0 0.000125829657418396 
0.0587235506484403 0.00311044098647391 0.146810619849159 0.067839276162475 0.212572060270414 2.40666273538E-08 9.41341689136005E-07 0.0482650223171852 8.66724400810094E-17 0.060053950138444 0.00917962343072569 0 0 0 0 3.46270632338357E-19 0.000480991645370375 0.00653821973150323 0.0658090249937256 0 2.51036244412399E-09 0 1.35576297803503E-53 2.42272407847279E-06 7.85695963608737E-05 0.186403677415619 0 1.8105455515844E-05 0 3.88359711137049E-05 
0.111616851764518 5.33507989876975E-05 0.606530659712633 0.115510280519241 0.156737109514736 1.61790564625911E-05 0.00074685327727588 0.0101855088760974 4.26979175082605E-12 0.0056705498970836 0.0572456984649839 0 0 0 0 4.92630230467391E-11 0.00797070322465037 0.0333686396285479 0.126786151902457 0 0.000815464548653577 0 1.28522205968845E-32 0.000173492630964165 0.00782294526883503 0.141715330218445 0 1.73105580249985E-07 0 4.28707656165375E-06 
0.68630508272479 1.24361381221595E-22 1.43356347177363E-06 0.543254785368782 0.0294933371617711 3.18344065673635E-06 1.10564328774714E-32 1.01661311627187E-15 0.397151795599573 3.20403278043006E-42 0.0883352967803923 0 0 0 0 0.000339277715401367 6.11880063737037E-22 0.0682232179743911 0.538199810382228 0 5.98081699972686E-22 0 0.00462829291336374 0.788827594034529 2.20328341199176E-11 0.0347252360250602 0 3.49910031593841E-17 0 2.18428255533254E-14 
0.134625512631113 1.00890028490613E-05 0.186268212044153 0.134634506872076 0.135129507506489 0.00122528660257916 8.37954505583643E-05 0.00306045211940504 1.79834613208883E-10 0.00133222382233266 0.149614499877286 0 0 0 0 3.26702252581412E-09 0.128204051743359 0.12957206461079 0.129532560804751 0 0.125964473922158 0 1.4257597073193E-26 0.000632545723540206 0.0325227962548587 0.136557652911128 0 1.00790480535594E-07 0 1.88650254973442E-05 
0.0027784518498254 0.0166675940893413 1.38368708462242E-06 0.00753793897124852 0.437467126845549 4.50538112348528E-34 5.84120581375974E-48 2.31429318226675E-13 1.57138527783267E-40 3.3008982302271E-23 1.15697636599375E-06 0 0 0 0 7.95473152404789E-67 5.39515213380153E-22 9.15447400871526E-08 0.00196550438347387 0 8.29207150550692E-53 0 1.20795175615093E-168 1.65383849652968E-15 1.21562365262432E-28 0.418405323423647 0 0.100484898927705 0 9.0025565738904E-05 
0.00109124668153438 2.90392844213097E-06 1.77499956188312E-09 0.00392592564419557 0.449376285842134 1.38545462132406E-41 2.63015490119241E-74 7.55401019712933E-20 2.00801840584711E-47 7.96198723306904E-36 1.44428874353332E-07 0 0 0 0 6.28980876711793E-87 2.93182782134987E-31 3.41273525415694E-09 0.000449993096136909 0 1.59486381429715E-70 0 7.5692049455031E-211 2.57378515616933E-18 2.65766353235611E-40 0.537816193211548 0 0.471026894941705 0 0.00114214231038962 
0.280073632050857 1.21199951375038E-12 0.00172540342336397 0.238552123782808 0.0730303401258208 0.596025125808289 1.66769255280559E-16 1.50744431068129E-06 1.9791752745004E-05 3.23840302943399E-16 0.42944152840823 0 0 0 0 1.55858637305898E-06 3.5824005082241E-07 0.529351746505146 0.194480870801348 0 8.35684625290693E-06 0 2.00583434045706E-13 0.0285734222359397 6.56117143677612E-05 0.0886980385151811 0 1.10008629800268E-10 0 6.57243004872828E-07 
0.0813666465395833 3.64251108622747E-05 0.0510510873294031 0.0931011778217607 0.160375062068263 1.37831292412467E-05 9.54103971995758E-12 0.000204487779856954 1.08896974254555E-13 0.00159646786004411 0.126913068603501 0 0 0 0 6.85785104127084E-17 0.0658362699395516 0.0648402997010005 0.0638905458994903 0 0.000202426840470699 0 1.63526164527427E-43 3.26683230366959E-05 3.2812581444072E-05 0.180009060811892 0 2.58397548572677E-06 0 0.001671900939527 
0.112243702357515 3.39588950843188E-05 0.145244948949121 0.115830131063693 0.151191553276147 0.000178728773823447 1.00383446898152E-05 0.0035971734505246 7.91593960883234E-12 0.00698286828600779 0.0769911786356295 0 0 0 0 1.1652792063026E-11 0.0455608260187173 0.0690849323247417 0.114613529921206 0 0.00195807012368565 0 1.05964360986012E-32 0.000172343304532933 0.0150171928521498 0.148776223113855 0 5.03789133279377E-07 0 2.4193399084223E-05 
0.218234031246465 2.15166470577137E-10 0.00548610749455786 0.212311711139891 0.0827883837845382 0.0354468848542516 2.05794884426174E-14 1.19161075002483E-07 6.73043473018108E-07 2.23019471253186E-12 0.611807440945837 0 0 0 0 1.81365577617761E-07 0.000305228730528279 0.566532524772271 0.157238510221847 0 0.00163186451522104 0 7.02742610631913E-17 0.00986757477101969 8.42827817448357E-05 0.103254595247995 0 7.35954966827139E-10 0 5.01572347277674E-06 
0.00141007057843029 2.7125515668096E-06 5.52426924761279E-09 0.00439692188642895 0.459499213536413 6.74734886354634E-39 8.77521511966096E-70 6.05859925510056E-17 1.44929827710898E-45 1.55619869748972E-33 1.78474187541796E-07 0 0 0 0 3.99368249383368E-83 1.82855445827784E-30 6.46082706981154E-09 0.000642184128779851 0 1.76529708257348E-67 0 3.60615047589078E-202 1.22621942129894E-17 1.80347168953466E-37 0.510203162010581 0 0.514657285893071 0 0.000805798900494095 
0.0027789500777233 0.00011559066385073 4.5977547738885E-07 0.00728251796184813 0.434918582188876 1.7826347740288E-32 2.82417451954037E-55 1.31234322479878E-13 4.93451493936681E-40 6.91483000986824E-24 2.26564729467233E-06 0 0 0 0 3.50378788832907E-70 9.66254540689231E-24 1.09750515404382E-07 0.00159910536692604 0 2.84948865088694E-53 0 1.94677447558352E-172 2.00418509723001E-15 8.96953503436249E-30 0.454985800876988 0 0.214810697879835 0 0.00150914727652144 
0.101925195792223 9.40481050570434E-06 0.0132303538080716 0.123845326248528 0.118763878092126 4.21899716634811E-09 4.51202549766136E-09 8.64910516025704E-08 4.91311836007449E-13 4.64904235748521E-11 0.0583986491630728 0 0 0 0 8.23553711174807E-13 0.000613413922137861 0.0431787503996482 0.0962037812044083 0 2.59967682269955E-08 0 7.69061741759049E-37 6.25041694660551E-05 7.24400047820878E-07 0.126782874885619 0 1.51159118876481E-08 0 1.54162926766118E-06 
0.483413139160746 5.05699370446453E-16 0.000239051329034358 0.40378865195697 0.0475552280750807 0.000314085355460464 1.36344520600806E-17 5.30091069473325E-11 0.00842824502333638 5.45444633808078E-27 0.187601860435685 0 0 0 0 0.274129105152816 6.40275144877296E-13 0.185688767906867 0.467642032368388 0 3.83303326588357E-11 0 0.224608100361689 0.289061463345188 5.56393680981029E-06 0.0512797461632434 0 2.94118832633673E-14 0 1.0967172261866E-11 
0.357133620509915 2.93900824689155E-14 0.00028631082711836 0.333440766715513 0.0537504659861454 8.59410244809312E-08 3.19167248039584E-14 1.36582102868901E-11 2.01472793845547E-05 2.7116868784483E-27 0.0512564639979303 0 0 0 0 0.0119289432387606 1.16602418477644E-13 0.0460171368201307 0.409638815731646 0 3.54627504434168E-14 0 4.72795975531395E-09 0.0341322724498789 4.7826100387778E-07 0.0518988235413075 0 3.75333330502623E-14 0 9.47217274575518E-13 
0.40234585931287 1.91373492968059E-13 0.00170306383966713 0.322774897060934 0.0628964095846299 0.00298570238821423 3.20499035158939E-11 1.87014874291613E-07 0.000560586818751149 1.20440920362685E-20 0.123445117761189 0 0 0 0 0.40284770275557 1.58708881597594E-10 0.155305219748974 0.437062797620562 0 2.45487166329318E-08 0 0.00119109466600868 0.111303814840658 0.00192496034722595 0.0614457069878138 0 9.62151220616513E-13 0 8.39663243014267E-11 
0.346707649908005 7.22928533900001E-12 0.00824169714578582 0.288096410215073 0.0717126668095315 0.00227935119998454 2.9784266668745E-08 1.50181990941093E-06 6.97928547046669E-05 2.57025549318344E-17 0.117386482815703 0 0 0 0 0.254141451493262 9.59676472220778E-09 0.1429725338651 0.394882791803366 0 6.80868421939892E-07 0 1.3214980603785E-05 0.0563691832117882 0.00419686103685264 0.0683091411186328 0 4.71793373232407E-12 0 2.92743633573759E-10 
0.0818729625612528 4.71442917421999E-06 0.00729979915972638 0.0921519289230616 0.149285078260452 3.85379399316538E-05 1.75848111430157E-14 8.27469085694621E-05 1.28153541529967E-13 1.35155668248705E-05 0.102490270272482 0 0 0 0 5.53256708500787E-18 0.00853646509863384 0.0959981895304902 0.0564459415316594 0 2.52135769570288E-06 0 4.48872370548749E-45 2.85124693591972E-05 7.49342580648614E-06 0.177504699398456 0 3.51182149344992E-06 0 0.00247641715530372 
0.164830664925294 1.42347685769867E-06 0.043220554727685 0.157773387986665 0.117159658748817 0.00419106680369687 6.97885425467516E-05 0.000864750690816423 3.33904161302989E-09 5.55863742046327E-06 0.168955640123274 0 0 0 0 3.73343981798959E-07 0.0366480736472655 0.204898403103045 0.157668905172003 0 0.118967284128382 0 3.09236582709392E-21 0.00170815566392263 0.203425607689089 0.120765192035398 0 2.44575176144641E-08 0 4.68324660322414E-06 
0.139317873841739 2.55309285480541E-05 0.154198022276255 0.139938790621559 0.13367567719411 5.69347171095259E-05 0.106427874591431 0.00238727727461273 1.17559662212454E-10 4.69707764014117E-05 0.0741055003213482 0 0 0 0 1.0926083759887E-07 0.0166498268025295 0.0752234591168384 0.162356125739363 0 0.00548075933015648 0 3.13713572828664E-25 0.000507951522112351 0.0626862651049518 0.123646949265331 0 3.91892464169082E-08 0 1.01911134102676E-06 
0.170270266235434 1.29342506350584E-06 0.0707454973150926 0.163841902455612 0.117726601003941 1.39933646683031E-05 0.260159700004304 0.000507052719357699 1.05054378166834E-09 1.51208792095772E-08 0.0427670450663411 0 0 0 0 1.01379397452661E-05 6.04956679614353E-05 0.0491743048269152 0.225568324619752 0 2.85377397883566E-05 0 4.36532471154003E-21 0.00109097252235139 0.0589963992480205 0.101578930934596 0 3.06378407722097E-09 0 1.7700865781825E-08 
0.527095792235123 8.54858566863932E-18 0.000159736622377107 0.420706587626495 0.044590687732253 0.00120097782206814 4.64409782507743E-22 3.53070076589689E-11 0.0352834355200566 9.08659989683505E-29 0.213107287390954 0 0 0 0 0.0185561370675741 9.16806775749913E-15 0.146783512951471 0.444099351370522 0 1.90399535348012E-12 0 0.0688807917627066 0.527267125113394 9.28243907258503E-07 0.0494136221505074 0 1.01996751852669E-14 0 9.14013792665103E-12 
0.729285115292192 1.36451018948365E-24 2.35327025818065E-07 0.606530659712633 0.0248472007409908 1.51552255741318E-08 5.49900249497101E-38 8.86527834104559E-19 0.372795424486942 3.00674077706786E-48 0.0541592866005862 0 0 0 0 1.64017456595715E-05 2.06066009741032E-25 0.0287848767242145 0.580150758994937 0 1.52527386409117E-26 0 4.93706619704906E-05 0.743913985837206 1.00397688832602E-13 0.0295438473015227 0 1.89511968879781E-18 0 6.99020496379432E-16 
0.094412717093405 4.192498909497E-05 0.2363485784295 0.0947854983648516 0.172263628633353 8.90596495434258E-06 1.36831206615925E-05 0.491573601827412 1.8593268343497E-13 0.000616449386625126 0.0206815590119061 0 0 0 0 4.85359813738988E-14 0.000192479556642286 0.0169262164019609 0.103859191000223 0 5.86508425736075E-07 0 4.61407980395999E-40 4.44863390830599E-05 0.00205598501028047 0.150592783071719 0 7.21875587201064E-07 0 5.6277656550728E-06 
0.0393904797629805 0.00451961380429271 0.00896204775619817 0.062039866066336 0.182387984042231 4.6436024276608E-16 2.10837124305746E-12 4.96521751090976E-09 2.97277793190634E-20 3.99184659883805E-10 0.00393843381936065 0 0 0 0 9.80562860583206E-24 9.13019002687975E-07 0.00120535960165577 0.0426214176139859 0 1.52546297245133E-16 0 7.55987461785862E-67 1.46866668232424E-07 1.64156693191935E-10 0.170928484049975 0 8.93096171527318E-07 0 1.14546290016017E-06 
0.0805879584259434 0.000453573223814098 0.147986224568231 0.0882661494157757 0.17869843402168 8.30519977416947E-06 2.18397384233917E-06 0.0177768633778578 4.00025739603605E-14 0.190206343665847 0.0450753275892886 0 0 0 0 2.35241264300724E-15 0.0414335320280981 0.0319948297107234 0.0778006126665495 0 0.000103895228008145 0 1.49784043863552E-42 2.5862639413713E-05 0.00187370082405932 0.173799932021052 0 4.44309342820847E-06 0 0.00016260204474111 
0.134764440713967 2.46312364197863E-05 0.0918502088253939 0.140014658712411 0.129887831046107 4.40361057931971E-05 0.00234992804464394 0.000417799055506204 9.58049880218979E-11 2.69217907087164E-05 0.103820912790284 0 0 0 0 2.17236779111106E-08 0.0524598525270709 0.0969330489765875 0.145167404730143 0 0.0169274146419548 0 4.36754361298458E-26 0.0004799091979419 0.0371193989464912 0.127305546325835 0 4.36370089746767E-08 0 2.73812671982815E-06 
0.414510632259043 5.67845534973615E-15 0.000265179885319831 0.372495539179786 0.0494104153876737 8.77610762881493E-05 4.72152481905056E-17 1.72660408250491E-11 0.00109022801392039 8.81780390107162E-26 0.241826543250653 0 0 0 0 0.0431200498144107 1.9546467632587E-11 0.2237125334944 0.375258695058379 0 2.96435798164662E-10 0 0.000463193650778093 0.145331891795686 2.06770525115269E-06 0.0556603453119788 0 7.34170932137945E-14 0 5.46297084211416E-11 
0.218217555067611 4.11741939578916E-11 0.00105571654905492 0.24136116926495 0.0683321168817921 5.09667011595853E-09 6.98665416130539E-14 9.7397673925407E-12 2.30374883205492E-08 5.87706226027403E-22 0.0703659988443737 0 0 0 0 7.71878307875871E-07 9.79304847428385E-10 0.0468666325559351 0.233688496836853 0 6.43695734300761E-12 0 1.10442196611149E-19 0.00319524857723398 1.21683547065064E-07 0.0714782826665456 0 2.39765394371524E-12 0 1.64907957213334E-10 
0.301129918714964 4.05303246270608E-11 0.0164971496143558 0.270101433241296 0.0772387878597975 0.000118926188252518 3.61763673336544E-08 2.25600618753816E-07 7.74237307871233E-06 1.58256409987489E-15 0.117494615010013 0 0 0 0 0.0276392353706851 2.16343784341091E-08 0.0786193126647188 0.352744973330552 0 2.82781423816332E-06 0 1.48789537247129E-08 0.0346278946142971 0.00665260145839022 0.0716921653069884 0 5.73375201563171E-12 0 2.40311014499398E-10 
