30 0.800000011920929 1.85929792213113E-05 100 0.03
-0.491616342881094 -0.387646402877693 0.673372392500371 -0.534880935102971 0.541055647566011 -1.06257641157905 1.33568553403092 0.00316220065073355 1.38852175839306 -0.256988626480344 0.24665494010393 -0.599427154168435 2.91399883548746 -0.329309291478477 -0.803489378620579 -0.344987310251734 0.209518746104799 -0.509344522450057 -0.47207177027116 0.701909140544901 2.07453638687107 -0.400898751555658 3.59223441452707 0.579466891744857 0.743969720669077 0.475183798221491 0.283655721360657 -0.295324546916834 2.67410281203967 0.216319658894241 
-0.271817646802989 -0.480610066024013 -1.26916589034074 -0.594501556362513 -1.13729451730974 3.45265781790055 -0.610141618899063 0.297550989110181 -0.139437072704955 1.61927448979119 1.92995748943477 0.584956928607327 -1.0471349410829 0.946929390281218 1.18226246535367 -1.62156903517053 0.0484485654385987 1.33730771718698 -0.804733718242046 0.537177222565365 -1.96402158156427 2.86995144619967 -0.467843901789716 0.992962761778833 0.691921586958655 0.762765880097992 0.305670428232136 -0.236781382824639 -1.27758449131421 0.052285233536868 
3.15414913893149 -0.561954594860764 2.82749193863904 -0.445199523129257 2.73584604002288 -0.415513520032761 1.49683617994163 -0.206929358449309 0.260957111878159 -0.168285509160499 1.60345415219289 -0.651379661450798 0.839932688161737 -0.225270054816233 0.665321795564537 0.237009533200309 0.400887886714604 0.915518969264912 0.675942314113063 0.235207155922059 -0.93075955895573 0.10197256461968 -1.62333480041538 0.172100102143409 0.844116364533136 0.662619773141397 0.619635690757835 0.297790279051027 -0.390300131584922 0.111329128551916 
-1.02586376878912 1.40433798983953 -1.45451986586078 2.94177545673986 -0.520054852838754 -1.14869208757751 -0.294235742799682 1.24358870788799 -0.22760891487752 0.176892907841505 -2.84163952717739 1.8742646690121 -1.3136423887705 -0.291455321584995 -1.07142317611658 1.0040246389119 0.0592203000836169 -0.73339135978738 0.586086128575277 0.904782541517533 2.41265864658396 -0.900772835717137 -1.10795071191706 0.871485365029185 0.531605737531374 0.0101024149964109 0.420860771285771 1.27856498249272 0.358679949816358 0.606343552286897 
-1.4856306730751 -1.21906823289261 -1.67031641727268 -1.12046114399052 
2.80840309631594E-119 0.00539021167664534 0.00122023569200021 0.000474310884093236 4.44465185025367E-10 0.0253364031558227 4.4364271496558E-37 3.58144931160287E-34 0.606530659712633 0.0172429407428702 0.000495918702361921 1.36574440973963E-05 7.21542297231437E-05 0.262266714301277 0.000539101425599567 0.00539588144840708 0 6.02108718156199E-08 0.0161992788060423 0 1.01509944713527E-09 7.51773909617966E-40 2.32615020588003E-15 0 0 0 0 1.92540203623228E-14 4.28429206857438E-32 0 
2.42521002491195E-209 0.000168150588900752 3.30423743256236E-07 0.054334786113818 5.69477917526802E-27 2.22952328876921E-05 6.24260452869693E-94 2.6146316207597E-63 0.669263730487466 0.000609932546352866 5.06757269725474E-07 1.84566661013738E-15 5.17316282071825E-07 0.437351271166 1.52162759466978E-06 0.000100555658037201 0 3.32177457275952E-27 0.00119071129361884 0 5.29092015167936E-23 5.78992011334986E-83 4.23830583030741E-27 0 0 0 0 1.10079415577948E-27 2.56257752846271E-81 0 
3.07044863689863E-54 0.0657883343670202 0.220275738348691 4.26324572415778E-08 0.0772128972791942 0.00529933556329462 0.000356929111562414 9.52514000768085E-15 0.195593722614189 0.106200197438089 0.0427976539183676 0.00456365502266735 0.00892179216069206 0.171084404302309 0.0435540509057245 0.0609753964460089 0 0.0857657071815789 0.0768280811049588 0 0.00734958419459237 2.33496234510099E-10 7.61549609198678E-07 0 0 0 0 2.94702349418336E-06 8.3621381023693E-07 0 
0.0337613512826847 0.681336969642646 1.09272209450553E-05 2.49697233144487E-22 9.47862839992048E-35 4.1642164578461E-18 4.42089890283143E-34 0.0693568809522126 0.0128999574229467 0.0600573198549725 0.290944937596835 4.56454885969688E-14 6.54388921942542E-10 0.0435250225525051 0.819441372861647 0.63287244475959 0 1.20920891364361E-28 0.446124613294793 0 3.2834051678293E-06 2.13724256843209E-09 0.739145336927737 0 0 0 0 0.0848204396363366 8.240155152562E-20 0 
7.15619220856594E-29 0.178767480590766 0.0976985163417508 1.1684056048849E-11 3.88400562551205E-07 4.06179238851355E-06 0.0393816376191309 7.49482276762096E-08 0.0914524998488137 0.124554188741926 0.178758414524832 0.00020384051695989 0.00151760976723742 0.120811572017626 0.220302512943165 0.168106460242097 0 4.48802009508466E-06 0.160734347342286 0 0.058717714974062 0.00638499079677413 0.00113060672945877 0 0 0 0 0.00142818530197106 0.000673058313670973 0 
2.57220298520253E-60 0.0492463878999803 0.118430333789274 7.43244898810942E-08 0.0122423357424935 0.00214534607817971 9.40614977299226E-07 1.53337601812283E-17 0.156599270250213 0.0554075582596038 0.0318331801572141 0.00025760788351533 0.0855657000183189 0.193065458830082 0.0317850522030091 0.03758267802388 0 8.68537871460051E-05 0.0527904957579009 0 0.000210396720186396 2.3600792483477E-11 1.48019322758418E-07 0 0 0 0 9.13317197991627E-08 1.4724251062313E-11 0 
1.60156320400289E-25 0.231763485860497 0.0578050917923152 9.57058534489557E-13 1.28270580829361E-09 6.21271848085842E-07 4.23794185115387E-05 2.45927582890431E-06 0.0900167159720191 0.16708497234852 0.194932107832178 0.000685080767561974 0.000116748435095 0.104221391308844 0.229071194850094 0.237248733938494 0 5.90568601545598E-07 0.196225906201528 0 0.470902284986009 0.000816630398185481 0.00219176464030894 0 0 0 0 0.00998098435214201 0.000813192800613387 0 
1.56502186530546E-69 0.0398562225298029 0.0251062734356404 1.00607029382115E-06 0.216180773149697 0.0391292978349004 5.37366529043403E-08 1.97549312506992E-19 0.212641979522425 0.0293007401814157 0.0175125637223192 4.18269137335141E-05 0.07629396388119 0.212007243577293 0.017927861847211 0.0262692267229981 0 3.93599586373848E-05 0.0386760211782575 0 0.000187857545012873 1.82990550936941E-13 1.05085631107142E-08 0 0 0 0 7.69932408230889E-09 7.37054036857376E-13 0 
8.51888437531366E-32 0.172619284734946 0.0620433430795483 2.62086478483032E-11 2.95602448098618E-06 1.63193937281461E-05 0.0606540849277398 2.06277069842171E-08 0.0990224745706281 0.141282190115887 0.155208371573197 0.000187598064837316 0.00182813839140691 0.124779239857657 0.191583589478731 0.153388486115382 0 9.52848864539664E-06 0.143335677312646 0 0.074112172387851 0.000877982204712913 0.00044443711703242 0 0 0 0 0.000572680233269599 0.00319274306952252 0 
0.0898001249812007 0.6878348756619 1.26240892306963E-05 2.79802836846487E-22 3.62654104933145E-35 2.40178660306205E-18 1.12697214342289E-34 0.055197228185293 0.0141656144847045 0.0726637418507165 0.373999247481905 4.70337141371682E-13 3.43352346398103E-10 0.0426646228760785 0.725044665615809 0.697232264519081 0 5.80192584180975E-28 0.472083464992227 0 3.29027005988637E-06 9.3471280542698E-10 0.846003799729097 0 0 0 0 0.132580666563363 8.85680188471198E-19 0 
1.13328050795711E-40 0.122284563274975 0.0725241161135228 9.89320792252318E-10 0.00070569826027363 0.000345041235425474 0.223763942295382 9.34583938759956E-11 0.135503812706031 0.0828865606269723 0.102699514400074 0.000695459622801505 0.00654134489718969 0.145747765898219 0.105241921682432 0.101632953329445 0 0.00017325414773996 0.104710598133642 0 0.0619375171921496 8.38898234141351E-05 4.03174242868625E-05 0 0 0 0 6.71338467125562E-05 0.000260422709194271 0 
0.104511663345015 0.69461584659594 2.62753745759176E-05 4.63161230991968E-22 3.67653197766359E-34 1.15628635616803E-17 1.81728078539896E-33 0.224026837740612 0.0165987276520039 0.108224991290071 0.295940724695483 1.56389613573668E-12 1.8598056742788E-10 0.0422457713614621 0.792541269836068 0.765498304250773 0 3.46014271882975E-26 0.540252686414262 0 1.65743125879682E-05 2.40199027102589E-10 0.841966517586232 0 0 0 0 0.335586919482692 2.61939151520967E-17 0 
3.6993996166899E-30 0.173049010060186 0.0576819170942739 2.69407109656764E-11 2.00538866549836E-07 4.72996252679688E-06 0.00345853429903584 3.72448153552989E-08 0.118111308759929 0.203408186870233 0.231364956263722 0.00357656457742353 0.000302922005366993 0.117206315993848 0.18340516383482 0.197699927965783 0 0.00022878624237316 0.178095372508325 0 0.0472284422810614 0.000113704386738709 0.000662433442623667 0 0 0 0 0.0020150387136102 0.63913178179394 0 
0.000366462876358347 0.602011054485191 0.000185596773983971 1.2985867280297E-20 8.44167375710377E-30 1.03342919466296E-15 2.71405057406877E-28 0.220033498086295 0.0240832165237954 0.184099746306112 0.257597919998409 1.18774057053306E-10 5.6083481385037E-10 0.0468446927501486 0.714035078538849 0.74352342818556 0 2.70637137366134E-21 0.54396060507855 0 0.000238792324511148 6.70754302197317E-10 0.425714737642111 0 0 0 0 0.64235426284913 1.29181169021043E-13 0 
1.57355141844174E-96 0.013567509761372 0.000653395341278567 3.50697340669885E-05 8.79077564583658E-06 0.00592169168497408 2.34818841615942E-21 3.88197068469691E-29 0.209506407283205 0.00379758203481437 0.0049550056766627 1.6575209442499E-07 0.673348383254049 0.285572787057515 0.0026501699241359 0.00670412606491736 0 4.75182087924886E-12 0.0125201046166914 0 1.10661845486299E-08 6.16129161612859E-22 3.04032751472714E-12 0 0 0 0 1.64482853842922E-13 6.87026523057784E-27 0 
8.59221441358807E-85 0.0193988739119474 0.0169035018721027 1.42026675632946E-07 1.2811410320874E-11 0.000385374835230382 1.49645799470242E-28 3.21618522747176E-23 0.393220456068436 0.124853022690868 0.0025545860340418 0.00033103443147898 1.4041204742642E-06 0.16362720889113 0.00543330487061223 0.0293818000650766 0 7.13292195903761E-05 0.0657347805837723 0 1.89567850560614E-06 2.52264966956751E-31 4.92128988942569E-11 0 0 0 0 2.7602085730931E-09 8.01254441136319E-21 0 
2.48887091959714E-182 0.00047545648508541 9.82047331307816E-06 0.0297466604337829 4.7847028325582E-19 0.00172734592334482 6.73685432495702E-73 1.55016589937663E-54 0.571860387449307 0.00156330695001712 3.25477530808813E-06 3.93899452194692E-13 3.15229223270321E-05 0.413030353484524 1.17581311219438E-05 0.00026615961514576 0 3.05814106309558E-21 0.00230159661497549 0 1.03548871293248E-18 5.14274464633065E-68 1.86385553335258E-23 0 0 0 0 5.33776232169884E-24 2.28220535430839E-66 0 
4.6517714328577E-59 0.0521275519927285 0.105723407857893 1.09914672748075E-07 0.0166393167306253 0.00450333340287878 3.61418536746772E-05 7.72916376846624E-17 0.167668947614449 0.0464705691844564 0.0342951406248037 0.000359511554017857 0.100135272297065 0.19350952538928 0.0353898865799358 0.0403074961038578 0 0.000152220422605172 0.0558983611661054 0 0.000718876734877746 4.0794902956822E-10 2.09646561735101E-07 0 0 0 0 1.54229939802141E-07 6.01134060462911E-11 0 
0.0601319634625225 0.81904203570669 3.36524453738236E-06 5.93291801875067E-24 5.4275879422078E-39 1.88947963001116E-19 3.38448202249251E-41 0.219513172429066 0.011449686391273 0.0688703101729176 0.169971148590639 4.33161846877333E-15 1.692257947056E-11 0.0365491045993962 0.708092906275019 0.747693566656231 0 9.09279592586333E-32 0.504847775547 0 4.21310717098682E-06 4.36932321497832E-13 0.576351550948341 0 0 0 0 0.15504487500733 3.68004384821554E-23 0 
0.067612201516413 0.671212664956298 1.10982931687164E-05 7.3542871430849E-23 2.28421943000724E-37 6.35883907346811E-19 2.14448730206444E-38 0.115064382216134 0.0151552414756885 0.116697088788249 0.270339075929023 3.00585149540722E-13 2.02944688703102E-11 0.0383998064454271 0.735345912453545 0.83357285884672 0 8.56546442135929E-28 0.602860509313039 0 1.94047843593862E-06 6.40421564401425E-13 0.664737061230663 0 0 0 0 0.303499308330285 1.99126969240081E-19 0 
8.68486475524242E-95 0.0141448862615679 0.0130972936158691 3.48699769189995E-05 2.1345155562562E-05 0.160431997505677 6.72989210895234E-22 3.29640766251685E-26 0.439164268695616 0.0382278109048215 0.00193150304051919 0.000109024870688392 0.000777647856243977 0.231134575116267 0.00351187270595388 0.0133737813637963 0 0.00011635526397179 0.0307650952889766 0 2.49792322431819E-06 4.97666126626321E-28 3.93036176125177E-12 0 0 0 0 3.43867297851227E-11 2.78695949072176E-21 0 
2.78950129403585E-32 0.169177263225042 0.0637393095518864 3.4840655535225E-13 7.06029559620525E-13 1.35244318852238E-07 1.61633898921511E-13 2.31557244388283E-08 0.106470158923554 0.606530659712633 0.0819380051261367 0.000342019540777244 1.46183140919057E-06 0.094229056745133 0.173891191294079 0.231583034985606 0 1.86832184363828E-06 0.256426265495432 0 0.0100450673701365 1.2116814382475E-12 0.000276518979212806 0 0 0 0 0.00273636157608171 8.68450853688931E-06 0 
2.50303429923874E-234 8.06648585456262E-05 2.26646768887432E-10 0.204541385187657 3.31812747917115E-31 8.49638384341967E-07 8.89926285585052E-107 1.13893161907573E-72 0.377590469397846 1.35364755794529E-05 1.53617209708803E-07 1.60963157294599E-22 5.36743933787317E-05 0.606530659712633 2.89070373533847E-07 1.81185557496148E-05 0 4.9943680708824E-41 0.000232587102540643 0 6.36886469271901E-28 5.57510806055377E-87 2.70503256940697E-30 0 0 0 0 2.41898491757034E-33 2.65928804438706E-98 0 
1.26605142819587E-153 0.001846349103248 7.4595876187047E-05 0.00286237457485672 1.86702509739225E-11 0.158415187162414 3.81991905596085E-52 2.93079499799978E-44 0.43916996752646 0.00250247446195651 1.73362391810667E-05 5.84917823195811E-12 0.000940402300518718 0.363818794946057 8.38219948202058E-05 0.000773502550102383 0 2.7608513470413E-17 0.00394083792456493 0 2.85780246307508E-13 8.85853641307814E-52 1.05956199303671E-19 0 0 0 0 4.60562109493511E-20 3.21156295345855E-52 0 
1.08402149579145E-37 0.124173909103922 0.0455423482610984 4.38142246262072E-10 4.82592423739087E-05 5.06260216399148E-05 0.119158232398093 1.47330024922219E-10 0.118657401231585 0.0941552805419965 0.152679143792401 0.00027053702195044 0.00613594394777457 0.141326690663385 0.130547217788128 0.11417121186825 0 7.12109387669455E-05 0.113940038404705 0 0.00841099876667116 0.00017402842950488 8.9982676608905E-05 0 0 0 0 7.73480541984447E-05 0.00121702666531897 0 
2.03162848779587E-52 0.0664655334506466 0.2963923553181 2.82632418203663E-08 0.00578865385209528 0.00199534184496854 6.05787905852198E-05 2.32629718802728E-14 0.206283492994116 0.142725295925948 0.0519444107992357 0.0212299644675454 0.00303100193147199 0.162663667359873 0.0470358608321057 0.0724226258210039 0 0.47833545282621 0.0929280198028052 0 0.0058812477281998 6.62638482174875E-11 1.26049221997983E-06 0 0 0 0 7.09337508840318E-06 3.9745977859743E-06 0 
1.14486072053753E-109 0.0097933010957476 1.2719681866466E-06 2.99706073895928E-07 1.9334082962558E-16 4.27679678368441E-07 1.96748894680388E-40 5.20009693373514E-35 0.0967994584465314 0.000357335256430836 0.00253010351590565 2.45845001236599E-13 0.192812551650005 0.274310934322957 0.000912127386243748 0.00287888202330597 0 5.27888323925596E-26 0.0056426194182481 0 2.62474323959528E-13 1.28645048676483E-28 4.69726029016985E-14 0 0 0 0 4.75521455369689E-17 1.91088630335344E-43 0 
4.20206094641547E-06 0.542769097022233 0.000527572152256695 2.03822641691765E-18 3.94315314660114E-23 2.50602168435555E-13 3.46603623820128E-18 0.0444643617041382 0.0282358414001159 0.110631238448061 0.43057673371571 2.08182045192098E-09 1.61094171313602E-07 0.0610027701972307 0.716259036218434 0.523800374989931 0 1.39078581151349E-18 0.365242467478235 0 0.00141059403563891 0.000348780901838271 0.425833663533327 0 0 0 0 0.162958890518194 1.15168243780217E-09 0 
1.37916697049766E-05 0.551206525492931 0.000455841215654604 5.8550209092312E-19 2.27684422524461E-24 1.11684636116523E-13 4.99812867078389E-20 0.142134792096902 0.0264322223865594 0.103657636766987 0.29962527901594 2.77773212432415E-10 4.92313138427826E-08 0.0576297517205624 0.782123244075326 0.548548246220209 0 2.38725565011512E-19 0.403915238393344 0 0.00148629914455053 4.23123891853074E-05 0.429651182192948 0 0 0 0 0.265636675478951 2.00131858687239E-11 0 
1.88921025036495E-22 0.239951795959858 0.0201272662326495 6.13607980320787E-13 1.56576014680542E-10 5.68668707288882E-08 0.000103730529730763 1.74230906919469E-06 0.0714666160498093 0.0872222572617548 0.397369169424977 9.07159935253458E-05 0.000331974863087186 0.104856426485372 0.261084071576342 0.228095433860678 0 1.17285471852866E-08 0.1819406593926 0 0.0251068109800766 0.359331805801046 0.00616104651554055 0 0 0 0 0.00527167387407373 0.000587290106610381 0 
3.00795783244093E-11 0.408994123606272 0.00812451983985883 2.09269528795759E-16 2.2650465616417E-17 1.04452409103379E-10 1.79853278099299E-12 0.0142569234296579 0.0479601025277687 0.206031654853376 0.282700711522966 5.08085803023143E-07 5.2395074033531E-07 0.0706022984158834 0.550946210554903 0.466179394126769 0 3.54101388207423E-12 0.363094123652491 0 0.0334483850530772 0.000174492509071866 0.106916944269377 0 0 0 0 0.308978250970687 6.32323058787056E-06 0 
1.04170150510624E-24 0.234741759114163 0.011250418287588 1.26152927895254E-12 1.02521514643704E-09 3.08779373599574E-07 0.000953899892280229 1.19789736701437E-06 0.0760919331570862 0.0727976186560524 0.273527831464915 1.65817764714947E-05 0.000532059866948644 0.109439322891024 0.254177528469931 0.203679222602214 0 5.18319142462853E-09 0.16364134565751 0 0.0466094164481865 0.222317902883648 0.00318952464312839 0 0 0 0 0.00242420431702575 0.00039341107884272 0 
8.5923837153368E-91 0.0170401486590803 0.0181606082858668 3.94536608401143E-05 0.0228064770958051 0.457397969553504 1.04296936144742E-16 2.33984059795993E-25 0.34174659118281 0.0352776843759055 0.00322798035163788 4.10994547571023E-05 0.0147505685370966 0.246051303840349 0.00497041833501285 0.0126286882874071 0 0.000138381962244035 0.0265372341182504 0 4.03824898824039E-06 8.80745903813893E-24 1.60664071383267E-11 0 0 0 0 3.36039192698066E-11 5.09101872541753E-19 0 
1.38931131064052E-06 0.606530659712633 0.000310036063882039 5.50683210399111E-19 7.07524341516382E-24 2.34990569404442E-13 2.78314353523916E-20 0.126128844471633 0.027893331254694 0.13068437420008 0.289566169835524 4.83048856397559E-10 3.82995344775001E-08 0.0572834022064768 0.702561863432614 0.554894519361837 0 2.03094137125924E-19 0.380123944087169 0 0.00394183151326572 9.79000137772859E-06 0.306050814449643 0 0 0 0 0.217919667157472 2.41767719645703E-10 0 
1.46925946166306E-48 0.0806100380192381 0.0601425229936024 4.48218867082818E-09 2.24535904080888E-07 6.7105602307807E-05 5.56489984206169E-08 6.04360962778066E-14 0.193947143486417 0.154011306848832 0.110970182595651 0.275310315146109 0.000776020503312433 0.147022647623898 0.0485942552857821 0.0988872202821282 0 0.00192899244608313 0.10960426945451 0 0.00321338898793606 1.16050238411618E-10 2.9777566937845E-06 0 0 0 0 1.17274630374115E-05 2.79596722600898E-05 0 
3.4924867870332E-214 0.000170892621127828 1.62185871205331E-08 0.0020231684183767 9.74341687616496E-34 9.3241728646965E-07 2.32233384698328E-106 2.80187890632831E-63 0.917898754822047 0.000760111910113558 1.67559028349663E-07 4.40379845782382E-17 1.32555328504967E-10 0.332279047369293 9.18160460577783E-07 0.00013470007183711 0 9.99959374180099E-30 0.00161699131036695 0 2.96731533625453E-23 5.74275365745022E-92 5.03862158358851E-28 0 0 0 0 2.24246688039328E-27 7.01752554390967E-85 0 
1.18033094801136E-71 0.0330696868098206 0.0410997145929411 3.40311787902392E-06 0.242139165165103 0.0333488839697816 3.39983784934622E-08 1.8727265802959E-20 0.237615553020449 0.0291720514151028 0.0198099382309778 0.000446210544358726 0.0987364786446478 0.221216181770571 0.0136421900722544 0.0249360814273462 0 0.00104065437160893 0.0364942363891514 0 8.40114078297019E-05 4.69094039135156E-14 4.84524083914588E-09 0 0 0 0 5.16863388192745E-09 7.53307944764877E-13 0 
1.45586721487174E-11 0.384100426241158 0.00563723432242347 3.11444524265692E-16 3.08171486055122E-18 5.6259715257406E-11 3.4171059364769E-13 0.0041774062490362 0.0505082279729608 0.266005240196309 0.364220424376275 1.55849371335768E-06 4.33510414966112E-07 0.0708388849235165 0.545871854245707 0.493337504699693 0 5.66616580822547E-12 0.382124478532435 0 0.00915324125080385 2.79799747211892E-05 0.0947719762773435 0 0 0 0 0.205872656482858 6.63568414252867E-05 0 
0.0272304451631043 0.72234814581666 1.97205514339414E-05 2.16325424582053E-22 2.29137534431637E-34 1.73939046981847E-17 2.89675664816134E-34 0.610547791200091 0.0159285976285282 0.101899720888817 0.183920984631078 1.44178838076618E-13 9.48103328304429E-11 0.041103195612111 0.863204364282216 0.743421287867067 0 5.13057429556087E-27 0.550197457644595 0 3.17563050139599E-05 4.73192889776443E-11 0.669432764869167 0 0 0 0 0.357516641301299 1.66607126330168E-18 0 
2.13464482382384E-94 0.0137037861204572 0.00800051526771397 0.000167752878243556 0.00175029342040521 0.123012689156021 1.5126347936526E-18 1.61049428118069E-27 0.360524542401434 0.0255371168937411 0.0052239801991294 0.000262154301688854 0.0364618646378033 0.264756298913581 0.00334520300599461 0.0108347301102183 0 3.42197331818159E-05 0.0219371885675899 0 2.31855939162891E-07 2.26071821535136E-24 5.70521058176875E-12 0 0 0 0 4.83233258002106E-12 1.41500049887217E-19 0 
1.89520301937764E-13 0.373073295134476 0.00832807871766036 1.21696942513364E-15 1.47188051588546E-15 8.66209610700423E-10 1.14519455881064E-09 0.00274826826764147 0.0493831007324209 0.179793848242231 0.260293003787778 3.23044008950392E-07 4.27199325145977E-06 0.07867972561243 0.606530659712633 0.379630355751069 0 5.99321929819497E-12 0.313969857471114 0 0.0315446437949856 0.00165383512298663 0.0673573896640215 0 0 0 0 0.0807574280231023 2.85991366774663E-05 0 
3.03893076196907E-71 0.0365377691704585 0.0503048580665747 1.38399635476254E-06 0.665530428975438 0.0640692060346785 3.49902256223711E-08 7.39925712395558E-20 0.217364696784748 0.0330579124437459 0.0140620360388118 7.01648208671775E-05 0.0840943211196837 0.216188174996034 0.0163414450920765 0.0242125680858785 0 0.000229568788556615 0.0374786478720887 0 0.000225358798998552 3.01954059606682E-14 6.05034161042884E-09 0 0 0 0 5.96438717477325E-09 1.28179592180557E-13 0 
1.59177067343935E-44 0.0961518438108394 0.216172643221218 9.40506603117957E-10 8.26467971617171E-06 0.000282978260752648 4.33715386357828E-06 2.50073091194753E-11 0.187637322296434 0.213937860915756 0.0524958642594986 0.0114677013433617 0.000172619766257331 0.134132097853732 0.0778925517278076 0.119891948580673 0 0.0645969029086484 0.142992235839024 0 0.0612300021602033 1.36332448830069E-10 9.38820590394734E-06 0 0 0 0 0.000160644476666225 3.71476930473165E-05 0 
1.24984072976193E-07 0.474256888384732 0.00273555489055337 1.44541504628884E-17 9.35131198876359E-21 2.54095888329547E-12 9.20975665316186E-16 0.0319708812453889 0.0357714902392591 0.16783288223666 0.386211628999216 4.55159401948586E-08 2.35070682946358E-07 0.0644195127962853 0.673924164568096 0.51877428682406 0 2.2017540875451E-15 0.391800930718729 0 0.0047031640750852 0.000177257365255769 0.317812551768869 0 0 0 0 0.291978438589625 5.80339675751337E-08 0 
5.31498632459793E-05 0.567155378396106 0.000483612059541971 2.8984640783305E-19 8.56111608936081E-26 3.70624817071584E-14 2.52065711187145E-22 0.210974513317912 0.0291063216032588 0.163874998789649 0.33155407714211 2.04948082386479E-09 8.11776765757102E-09 0.0536249579532719 0.723568104566338 0.66592252323135 0 8.12073163315808E-19 0.475468085309966 0 0.00159512519074948 6.7598069877075E-07 0.454637960487677 0 0 0 0 0.63412550569623 1.05155770730729E-10 0 
1.35793220246681E-21 0.243308277429895 0.0102837780130997 3.25610106175999E-13 1.75777457632026E-12 8.09763122353265E-09 4.92603251851427E-07 8.91456076148244E-07 0.0718379909594375 0.11728802558301 0.606530659712633 0.000258020240432886 0.000108866206772604 0.0993958627323567 0.25011993676669 0.263530799895462 0 4.60964794129263E-09 0.199706067669442 0 0.00495372756673256 0.0188350258176525 0.0076602725008899 0 0 0 0 0.00494184660081139 0.00288410333588223 0 
2.57381683464391E-96 0.0139282447356915 0.0012931756438571 6.92168357407548E-05 0.000166361744986566 0.0284589051981767 1.02299024663504E-19 1.5406575982477E-28 0.243276964238919 0.0051735780866425 0.00472324911998722 5.71275265450921E-07 0.369689995191185 0.28223883335083 0.00288997959287969 0.00708396866778391 0 3.24450063196174E-10 0.0140516172935621 0 3.80837424443746E-08 5.87846227024902E-22 3.63041204722522E-12 0 0 0 0 3.40473334275055E-13 3.9048398630721E-25 0 
8.65577515301423E-25 0.232475020464461 0.0136012051942952 5.94613014507609E-13 6.8248193709582E-10 1.87157730005472E-07 0.00023743244664732 5.98384821611579E-07 0.0632724695340503 0.0735287359418599 0.231590947410652 2.81745588234011E-06 0.00108811744554818 0.110457262058726 0.274333686113714 0.183618407612262 0 4.41635333201708E-10 0.153393090744089 0 0.0218574523779943 0.13906080348886 0.00310730353393091 0 0 0 0 0.00124604245782441 1.07822863121877E-05 0 
5.09604103798256E-10 0.438394701114942 0.000818110685457343 1.86559984602447E-19 2.46047937402828E-28 2.18393085095762E-14 7.31147665038637E-28 0.0161611564860933 0.0348409837240488 0.313726046041877 0.146127821264361 2.32857355754491E-09 3.50252085362255E-10 0.050114861742844 0.586337691382334 0.649214585469481 0 3.09629187918307E-18 0.606530659712633 0 0.000371987003635787 1.1144068327065E-12 0.0928858695146363 0 0 0 0 0.40155494207177 2.7134183629631E-13 0 
3.23003199938232E-43 0.10774591562669 0.0599495051874615 2.42913311756967E-09 0.000864662961677295 0.0005191026998201 0.0846582218664297 1.45478077277947E-11 0.146615400701068 0.0684783679526489 0.0898363826318697 0.000620983685146945 0.00824169516973483 0.15175575452965 0.0894881860300171 0.0913142191172594 0 0.000212340558853872 0.0975034656667073 0 0.032484090036416 1.95516290063949E-05 1.93575848453511E-05 0 0 0 0 3.18717794889226E-05 5.75507253701143E-05 0 
9.02618270432126E-65 0.0388502056574647 0.146810619849159 7.1404079307677E-07 0.00177344930291045 0.00520176861748975 5.32383936644466E-09 2.74765941472099E-18 0.272759666486376 0.0845959955832175 0.0335672461523249 0.0482650223171852 0.00385388022689714 0.186403677415619 0.0192154039884137 0.0440975496588668 0 0.359526216495854 0.0658090249937256 0 0.000249066953205671 8.67273818306799E-15 3.46159995499053E-08 0 0 0 0 1.63787006438748E-07 8.64525974777321E-10 0 
4.07089018670301E-43 0.0962744461198615 0.606530659712633 1.00963366672469E-09 0.000113730652650281 0.000219074322200598 0.000349155151882223 1.53755468748308E-11 0.153865469139488 0.163754457258078 0.0683167316922124 0.0101855088760974 0.00142425389635556 0.141715330218445 0.0873849101643391 0.102228716378302 0 0.0186291872998204 0.126786151902457 0 0.0359761858036453 2.24263917985776E-08 2.04761070512307E-05 0 0 0 0 0.000105733708669402 3.14309492112187E-06 0 
0.593911485043502 0.792484383070484 1.43356347177363E-06 2.15008112826321E-24 3.66360793578324E-41 1.75261422569376E-20 1.22013286070397E-43 0.153772340737967 0.0103101982997964 0.0581122014074975 0.210358536124287 1.01661311627187E-15 6.50955373770491E-12 0.0347252360250602 0.72495828545562 0.789141985847214 0 5.8172060281215E-33 0.538199810382228 0 4.55244444723213E-07 1.27877837415133E-13 0.700128119390808 0 0 0 0 0.131451847533166 2.76677039291884E-24 0 
1.9625373965981E-36 0.133524419497027 0.186268212044153 3.03189604828111E-10 0.000119423970634972 8.96790635704823E-05 0.312915597761705 8.53727009033425E-10 0.128018298873349 0.125390785860915 0.133402096436704 0.00306045211940504 0.00322772129047952 0.136557652911128 0.130977819558743 0.12658715581884 0 0.00126829219604429 0.129532560804751 0 0.0765420071535969 0.000163239463996255 0.000134598591784268 0 0 0 0 0.000304068632287982 0.00154635457318415 0 
1.15200175193653E-177 0.000703980344071563 1.38368708462242E-06 0.0833343557788461 1.38913303792827E-16 0.0136162687906769 4.78051796644956E-67 2.30743604858962E-52 0.633385541503074 0.000593805401571749 6.5722712421228E-06 2.31429318226675E-13 9.99524117393051E-05 0.418405323423647 1.33203527821766E-05 0.000310389986410655 0 1.32408632209246E-21 0.00196550438347387 0 3.43932447802176E-17 4.14058890126729E-62 7.53328193716261E-23 0 0 0 0 1.92644187135426E-23 5.40418324900999E-62 0 
2.31133934975439E-214 0.00017170523381154 1.77499956188312E-09 0.293767958049434 3.80084333306962E-26 1.95784112243846E-05 2.79058115964599E-92 1.21597593545287E-65 0.458567660851129 2.8815873002266E-05 8.09189345360366E-07 7.55401019712933E-20 8.75452008288695E-05 0.537816193211548 1.04236560654805E-06 4.67777371859971E-05 0 1.00397225267623E-34 0.000449993096136909 0 1.56344584595623E-24 5.61157908471976E-77 1.17107520924411E-27 0 0 0 0 4.39648988540908E-30 1.43538490168662E-85 0 
1.42222446500234E-17 0.296806134732438 0.00172540342336397 6.56621986222263E-15 9.44578697483845E-17 8.2294158589321E-11 2.08407427144971E-11 4.43725171228791E-06 0.0456993143586326 0.0533245595074736 0.617364820985478 1.50744431068129E-06 4.70253378804669E-05 0.0886980385151811 0.290996704461331 0.280768209362678 0 5.04972593885848E-14 0.194480870801348 0 0.000997837399881104 0.0934188334804655 0.0181953809916143 0 0 0 0 0.00496424114535887 1.39970028324029E-07 0 
1.40464015446333E-52 0.0676433387852033 0.0510510873294031 2.42657821750207E-08 0.00185494877048027 0.000809160161883425 0.000765793867951154 3.07001678311105E-15 0.140044425482808 0.0424186292602729 0.0656066100324175 0.000204487779856954 0.0919927243975236 0.180009060811892 0.0522317904905668 0.0513749279880276 0 1.80859406145575E-05 0.0638905458994903 0 0.000729411422965696 2.18118907845731E-07 1.37057641963122E-06 0 0 0 0 5.24957362918E-07 4.72846848420904E-09 0 
1.16345808543859E-42 0.0951737394555844 0.145244948949121 3.05681307534743E-09 0.000352564791270863 0.000206541138557242 0.0180268282704694 6.98042708253604E-12 0.154324409081872 0.111789353099288 0.109219743047078 0.0035971734505246 0.00392650246374424 0.148776223113855 0.0927553066433794 0.0989146317911259 0 0.00846253159630726 0.114613529921206 0 0.00658477459327492 1.26885419420585E-06 2.39483172323351E-05 0 0 0 0 4.77976113291307E-05 0.000462760788719153 0 
4.82196264406771E-23 0.248766553453307 0.00548610749455786 1.10031567381467E-13 8.58730760443797E-12 1.78110099606258E-08 1.09274618092654E-06 1.19662160327845E-06 0.0523796062606339 0.0486308161779819 0.244211970232362 1.19161075002483E-07 0.000423169808076425 0.103254595247995 0.306153851278327 0.185750026408245 0 3.59352266233843E-12 0.157238510221847 0 0.00445304911285999 0.160610117161058 0.00533231946316932 0 0 0 0 0.0012343270750604 1.33742694235819E-07 0 
1.28520031353634E-205 0.000212507307226795 5.52426924761279E-09 0.402951891551687 8.97139932459443E-26 9.59675702193021E-06 7.01476419634163E-88 1.55808982745576E-63 0.517637368292423 5.71196994220814E-05 2.72356752355587E-06 6.05859925510056E-17 8.97493183740014E-05 0.510203162010581 1.53288416904348E-06 7.967476764517E-05 0 1.5660366703229E-31 0.000642184128779851 0 8.80911752109745E-24 1.31377698840472E-73 1.56170525729809E-26 0 0 0 0 1.07352245512592E-28 2.25616213484129E-79 0 
6.74368822686763E-178 0.000548336669323998 4.5977547738885E-07 0.183860696819144 2.03760421788202E-18 0.000407884112421262 5.58826333128976E-68 1.33048381762611E-54 0.494783560526076 0.000316557020059445 1.79398411875464E-05 1.31234322479878E-13 0.000968874517910916 0.454985800876988 1.20054812604609E-05 0.00025539209432635 0 3.67920827226243E-23 0.00159910536692604 0 8.70269389069558E-20 1.17564013629337E-60 7.21992328407825E-23 0 0 0 0 1.52379434065643E-24 4.60515399020296E-63 0 
6.23002409899021E-48 0.119538807544478 0.0132303538080716 1.54810435742138E-11 1.0292544064169E-08 7.39031673340458E-05 7.10828937515186E-12 2.48903293068056E-11 0.111436230811234 0.0538339180637941 0.012881611170355 8.64910516025704E-08 0.000127772002703809 0.126782874885619 0.0767613383080159 0.0787617850229468 0 2.84362475852179E-10 0.0962037812044083 0 0.0912862677270193 8.00558352901688E-12 3.10323415740106E-06 0 0 0 0 1.38939584920354E-05 2.03652506226634E-14 0 
7.71349593432683E-05 0.614888521688525 0.000239051329034358 6.17417634611561E-20 8.23734070304274E-27 2.00654884634672E-14 5.98999670135619E-24 0.500510271340737 0.0246770863189251 0.141229391204272 0.226802185673869 5.30091069473325E-11 4.54215825972483E-09 0.0512797461632434 0.81081430369823 0.635642389050954 0 7.76012108961515E-21 0.467642032368388 0 0.00133038476621322 1.38994244159154E-07 0.457864230767619 0 0 0 0 0.446349994784648 8.69139352600917E-13 0 
5.55575388713445E-15 0.480060465293628 0.00028631082711836 1.2835446253367E-19 2.16095932036894E-26 3.30588912194198E-13 3.85410079448491E-28 0.0223511955439859 0.032676947280891 0.164911799404208 0.0486950120268135 1.36582102868901E-11 5.3628762007879E-10 0.0518988235413075 0.436543537567562 0.491565449402713 0 4.09365346861293E-20 0.409638815731646 0 0.00784776572567139 4.12600229795115E-13 0.0163211385666642 0 0 0 0 0.140189969665429 1.89933022134783E-16 0 
6.92492107189496E-09 0.461640411638067 0.00170306383966713 1.33241768898117E-17 5.45522104522091E-22 2.26435835575902E-12 8.10849861235023E-18 0.0334157384389536 0.0424704697382407 0.236300350726594 0.332806920711888 1.87014874291613E-07 4.04399986932385E-08 0.0614457069878138 0.574852602824472 0.606530659712633 0 9.77058530199603E-15 0.437062797620562 0 0.00817259645402253 1.41906573907093E-06 0.156854417107481 0 0 0 0 0.480732624125477 2.72077516018241E-07 0 
3.54043044064548E-12 0.390634332615283 0.00824169714578582 1.57602136413918E-16 9.31787316619675E-19 5.90048217744901E-11 1.50505566539131E-14 0.0107772348235266 0.0523199906143458 0.236376971770516 0.238837833574312 1.50181990941093E-06 1.6980570094903E-07 0.0683091411186328 0.494062771191776 0.504469257319861 0 3.2835221821044E-12 0.394882791803366 0 0.0478691852621486 4.15500983907524E-06 0.0708456407466459 0 0 0 0 0.438009092262782 9.1198086203015E-07 0 
3.2542665657145E-53 0.0664300777421878 0.00729979915972638 2.42614457608405E-08 3.20029388362755E-05 0.000111811810724283 6.99871210867031E-06 6.03620046301728E-16 0.140849089283463 0.0256458999042943 0.102142936210563 8.27469085694621E-05 0.0522511356253697 0.177504699398456 0.0406419789605503 0.0523347174774314 0 7.55675393447344E-07 0.0564459415316594 0 8.27087910084091E-05 1.77138380665231E-07 9.57739047965334E-07 0 0 0 0 2.23436279051912E-07 5.58572022857608E-09 0 
8.9359831864894E-31 0.181104164471179 0.043220554727685 3.18572688208475E-11 1.11600556640551E-06 1.2409319656947E-05 0.0396817497750526 4.32251875832992E-08 0.113886283350622 0.151398486317666 0.193800279695384 0.000864750690816423 0.00066585887810326 0.120765192035398 0.18658977430344 0.177730541171175 0 4.14146128307329E-05 0.157668905172003 0 0.102781073056961 0.000761536056941263 0.00056548508495921 0 0 0 0 0.00125384638687171 0.211748636340299 0 
2.92134132760611E-36 0.141845541968274 0.154198022276255 9.47136094762747E-11 3.59381245151991E-06 8.16419284404297E-05 0.0010724921249192 7.63339363979092E-09 0.142859725892216 0.190033516017463 0.0837930183126667 0.00238727727461273 0.000255833725689561 0.123646949265331 0.13774342656862 0.156071894039722 0 0.00171165899343701 0.162356125739363 0 0.342204158050101 6.15974800492497E-07 0.00011060499695153 0 0 0 0 0.00106381404459563 0.000712066927354646 0 
1.04941927237863E-31 0.175864976507127 0.0707454973150926 2.66759819752097E-12 4.76500456655276E-10 2.49208700408586E-06 2.28242161800797E-08 2.69731207561051E-07 0.125573989878615 0.274408230308582 0.0817065102098664 0.000507052719357699 7.13252582457946E-06 0.101578930934596 0.168544282763417 0.226097683831809 0 6.07873210175452E-05 0.225568324619752 0 0.258427414432746 6.27289939834491E-09 0.000298811574942818 0 0 0 0 0.00666364984374461 0.000128014189038642 0 
0.00309229769145969 0.62909696175414 0.000159736622377107 1.27597240915901E-20 5.73290820198379E-29 6.83740549041386E-16 6.79991541004661E-27 0.105995944907641 0.0195391278564505 0.1236938863706 0.355836486614141 3.53070076589689E-11 4.3490318991313E-09 0.0494136221505074 0.748940999638765 0.638263627399667 0 9.35243954103906E-23 0.444099351370522 0 0.000101598685012465 9.99611160897826E-08 0.734917100019581 0 0 0 0 0.264018788472418 2.5555811048819E-14 0 
0.107371906804194 0.849315982596669 2.35327025818065E-07 2.94620416900722E-26 3.09013277312288E-46 2.78722231626322E-22 4.22425173437114E-52 0.105068081477337 0.00735769687000586 0.0492843886140161 0.102947375911997 8.86527834104559E-19 2.64372854746484E-13 0.0295438473015227 0.77076557269611 0.767623363345875 0 6.05341941462427E-38 0.580150758994937 0 2.91709328805774E-08 7.780720374812E-18 0.468135641139988 0 0 0 0 0.054842336601443 4.18403364531281E-30 0 
4.48486851621478E-50 0.0709750128549953 0.2363485784295 7.31025501651201E-09 3.26261728214942E-06 9.32629121279729E-05 5.85309005600894E-08 2.88715782404729E-14 0.195171938748898 0.139093076155595 0.0902227388917841 0.491573601827412 0.000997738378300411 0.150592783071719 0.0411115220264395 0.0876583973273945 0 0.0208472363064956 0.103859191000223 0 0.00389961649154403 7.38422570941067E-11 2.29790436786399E-06 0 0 0 0 1.42303216351335E-05 4.85830997125407E-07 0 
1.09824197730659E-79 0.0348306534547944 0.00896204775619817 8.56145228966947E-09 5.47296065966606E-07 0.011264677151428 1.23471148891109E-21 4.26669910258167E-20 0.199535363921168 0.0362858275419032 0.00109646636989592 4.96521751090976E-09 9.65383397962165E-05 0.170928484049975 0.01157658995141 0.0212560280221286 0 1.84953683974047E-09 0.0426214176139859 0 0.000310191186218061 1.94472159574196E-24 2.58807148759112E-10 0 0 0 0 2.543463385281E-09 1.10505578986889E-23 0 
4.986414208419E-53 0.0644794633424088 0.147986224568231 7.47911008374727E-08 0.0140169434470625 0.00228152195304465 0.00140379556892545 5.5973497515213E-15 0.1971537274313 0.0870683284974248 0.0723646035955112 0.0177768633778578 0.0157154947325769 0.173799932021052 0.0441946352062622 0.063566242610186 0 0.0695191747456626 0.0778006126665495 0 0.00274779638355606 3.88790688420496E-09 1.12204787205212E-06 0 0 0 0 2.36309249339222E-06 5.11125355944706E-06 0 
5.64690681013939E-37 0.145646768523143 0.0918502088253939 9.48703039295635E-11 1.18151513333391E-05 0.000133844723650344 0.00388359356638444 4.61549019486489E-09 0.131455800587665 0.162057198397869 0.0755185032872911 0.000417799055506204 0.000556369088198996 0.127305546325835 0.147407880503461 0.137649027575952 0 0.000143936525080895 0.145167404730143 0 0.262755785670121 1.83771664103243E-06 9.68257514571285E-05 0 0 0 0 0.000465981331413035 0.000470107797974551 0 
1.57683327521449E-08 0.581265081220327 0.000265179885319831 2.15535748105233E-19 1.42444283818238E-24 2.83322146193899E-13 3.11908292600474E-22 0.171585472052659 0.0259959191822802 0.10781211430756 0.140132197463499 1.72660408250491E-11 1.64387427649423E-08 0.0556603453119788 0.693829483215756 0.499874442205945 0 1.08696125318487E-20 0.375258695058379 0 0.00548645279560157 3.03210797172029E-07 0.156493485854966 0 0 0 0 0.168782759815902 1.63263883748991E-13 0 
9.46864532630199E-28 0.301562017700055 0.00105571654905492 4.8106307994092E-17 1.72264399972456E-19 7.25503489934303E-10 2.19226906893093E-22 1.91339877279438E-05 0.0441489084938086 0.0999367332459914 0.0185428968299386 9.7397673925407E-12 5.48015763913464E-08 0.0714782826665456 0.277358877827878 0.213264282477284 0 5.48657401756855E-18 0.233688496836853 0 0.0193530894251614 7.38861161555324E-13 0.000689528899914092 0 0 0 0 0.00273526795041442 1.76619539074971E-17 0 
9.96470457371092E-16 0.356939971644909 0.0164971496143558 2.7059135342308E-16 1.47933008745629E-16 4.36120317923545E-10 4.88542969826864E-14 0.00214051007863752 0.051711044688844 0.319087373293333 0.134189407836751 2.25600618753816E-07 2.80450310280229E-07 0.0716921653069884 0.473789577852831 0.398707022808882 0 1.67758158668633E-11 0.352744973330552 0 0.0373980495135862 1.41693714088922E-07 0.029299033269743 0 0 0 0 0.150338106846244 3.44201938353677E-07 0 
