30 0.800000011920929 1.85929792213113E-05 100 0.03
1.62296272962112 0.896244042654835 1.91644463265855 0.351760773046931 1.18883439247388 0.141361356021643 1.52879339192098 -1.0606549338568 0.778839995779117 0.00476028314329328 0.0506623839264095 1.10247125008977 0.173957291683288 -1.31903935251947 -0.0483112953478823 -0.77596876847581 2.6325601031673 1.08748520108391 0.439853300720666 0.843936781326279 2.13503122655813 0.54822201289565 -0.113169801751108 0.84079523563422 0.492946141628989 -0.560464446113915 0.216836445212081 -0.728609168643961 0.566276300030889 -0.304473897557259 
-1.37893365507651 0.634640119103093 -0.901021040329848 -0.667517610079549 -0.759704185356451 0.110303861717845 0.649355080276724 -0.928937820958596 -1.17432709394271 2.73713845480624 0.0303488201603055 -0.652770879548017 -0.603554092033547 3.30274777438396 -0.291623409797622 -0.523933838719848 -0.870960426539318 1.63290275842948 1.1851973458612 0.300153917307106 -1.06695202765776 -0.25035220671427 0.827556066365921 0.486996679793576 0.000377709046182087 0.366658219332474 0.486876365537423 0.179332552789476 0.419709374857931 2.97559961949199 
0.295422710442555 0.503781859899479 1.0038659287285 0.0554198096723617 -0.371322206113643 -0.794710639142526 -0.967389443998012 -0.15764977276855 0.375249129815984 -0.394103470952246 0.728982739489983 0.206891120765675 -0.0468987839827739 0.578128627062923 2.30229201407604 -0.756347063277991 1.0587540115018 -1.07242507973304 1.68001237988947 0.634290801190907 0.312002902891244 1.47412432448061 -0.130151945354828 0.400389699451807 0.778878890806287 -0.414147061885114 1.85766527649267 -0.305499301185843 0.418291312837178 -0.894786629157502 
-0.428233609098391 -1.06190971395522 -1.06141263200314 0.125393168886969 0.212614455092327 0.015568440747155 0.35354915745208 3.04269187880408 -0.155580856360256 -0.708982062878263 0.875818224100311 0.079462069750468 0.986972803891389 -0.551155519434472 -1.37445293983362 3.41921843634415 -1.24759635664986 0.0720096227020575 -2.02910873187002 0.566171796790404 -0.187531975970372 0.487483224872257 -0.60449550707978 0.238200057874527 0.576841301553343 0.419871710381607 -0.493007925630262 2.71923297243995 0.579613160611882 -0.678667004421141 
-1.74962673941587 -1.26578349196875 -1.34534626270785 -1.21309666023272 
5.16097437443423E-10 0.729258121893777 2.05620050764517E-08 0.00886270617601244 0.606530659712633 3.30147597034614E-13 1.34799713823724E-72 0.0162891206170549 4.40904358688981E-11 0.00119953744361233 0 0.0258377361166027 5.071317276698E-11 0.0337283924870049 1.61450433960082E-18 2.43629377709792E-05 2.12716394683324E-05 1.85540131831429E-27 0.000495918702361921 0 1.49881198815981E-35 6.29090217995363E-48 0.000539101425599567 0 0 0.262266714301277 5.90781192185569E-20 0.000474310884093236 0 1.61508905527484E-27 
2.05412427790332E-16 0.599107922169513 2.55901745394071E-22 0.000686156287033302 0.669263730487466 5.7029926713822E-23 1.07487303835866E-135 0.00116034877861037 1.67644519134674E-17 0.000425746784872949 0 0.0013502446685057 4.50787500093545E-17 0.00457242315328407 2.04445100515969E-35 1.75540397873763E-10 7.01416137950979E-09 1.01862532736311E-64 5.06757269725474E-07 0 1.45085181887708E-92 2.17443034623635E-95 1.52162759466978E-06 0 0 0.437351271166 1.23368497801424E-59 0.054334786113818 0 1.095941616619E-59 
1.610157898919E-05 0.21322173437866 0.0268183549601507 0.0758749894381094 0.195593722614189 2.13100671490144E-06 9.74402292957936E-29 0.0849983996656215 3.0977552186776E-06 0.0037700502859602 0 0.137131148293832 3.53648091403262E-06 0.00336199583378364 6.70225071425056E-05 0.00392932088372113 0.0651925439875252 0.000364387978193116 0.0427976539183676 0 0.000195885436938879 7.25617027819916E-19 0.0435540509057245 0 0 0.171084404302309 0.0117422995301985 4.26324572415778E-08 0 3.93681402360618E-07 
0.343706866414047 0.00481349490920274 2.21565939360522E-17 0.656465924983175 0.0128999574229467 0.40977185087725 0.10673162179557 0.357879031451151 0.25730341519565 6.00265529793817E-06 0 0.00430013814904923 0.256142372008314 9.76641174880157E-15 7.53285588019206E-05 6.19592201291695E-08 6.06775958957606E-13 4.13825258241261E-19 0.290944937596835 0 3.79263030688399E-33 0.000153838399523799 0.819441372861647 0 0 0.0435250225525051 7.60050748438579E-35 2.49697233144487E-22 0 1.75915628350129E-07 
0.00126812570943121 0.0823136586311091 0.00147466563775176 0.184297393278157 0.0914524998488137 0.000752033178766508 4.28015292502566E-13 0.151294973390957 0.000407564052463713 0.00186168140071694 0 0.112135364107958 0.000440090284697857 1.12861002814311E-05 0.172685534147176 0.00135545644467315 0.00211418175119125 0.0580979843699486 0.178758414524832 0 0.00780370979904017 1.7896455831339E-09 0.220302512943165 0 0 0.120811572017626 3.05878623808002E-05 1.1684056048849E-11 0 0.0279721832732834 
4.57801705913639E-06 0.16306684064946 0.00912398636749494 0.0662524755552699 0.156599270250213 3.23487387704036E-07 5.08330651644639E-33 0.0533680282023748 1.34839016849155E-06 0.0132758801672859 0 0.190202831989615 1.85930810561694E-06 0.00394771359839206 0.000170233257021611 0.000722215347343206 0.472188723418852 1.10609968093019E-05 0.0318331801572141 0 4.84018086197696E-08 4.13822882789146E-24 0.0317850522030091 0 0 0.193065458830082 1.60689516572502E-07 7.43244898810942E-08 0 1.09393088022068E-08 
0.00292249984984244 0.0757500331383966 5.90473438175791E-05 0.208546424009298 0.0900167159720191 0.00275636201080769 1.86407117072521E-11 0.217578537988987 0.000789714058317789 0.000620862620370856 0 0.0495474358986258 0.000668693958602084 1.71140620732782E-06 0.0151859097953289 0.00232912252863957 7.13800868483214E-05 0.000255496681417033 0.194932107832178 0 0.000213839138856653 4.00080496569766E-07 0.229071194850094 0 0 0.104221391308844 2.52542995623421E-05 9.57058534489557E-13 0 0.0585131743433653 
9.30190415654725E-07 0.252427149162259 0.53863844395307 0.0447858963981198 0.212641979522425 8.00552553769337E-08 2.13630531200237E-38 0.0493176227852406 2.43329438182617E-07 0.0223988773636533 0 0.229821018615758 3.53885488067914E-07 0.030319138476098 4.28909677279292E-06 0.00532741986012605 0.134508657043915 1.24265015957176E-07 0.0175125637223192 0 1.48826629454094E-07 7.29449357213589E-28 0.017927861847211 0 0 0.212007243577293 2.94971835370475E-09 1.00607029382115E-06 0 4.45279893584356E-10 
0.000751598508356095 0.0917902734066654 0.0019587947997498 0.16648882450042 0.0990224745706281 0.000560591260669519 4.76104644203829E-15 0.153902126016517 0.000218382704358156 0.00216872114918529 0 0.123220594117436 0.000255150814594634 3.31372201014942E-05 0.0879186019194791 0.00255161539289168 0.0027062599677672 0.243585515277597 0.155208371573197 0 0.0252955469786584 1.16953014575805E-10 0.191583589478731 0 0 0.124779239857657 5.97389319904705E-05 2.62086478483032E-11 0 0.00709260654644086 
0.41777484132813 0.00505339815861774 1.21134358262201E-17 0.670124731564146 0.0141656144847045 0.405553133044079 0.169090231702315 0.347518228421418 0.298782809511476 4.28865456964783E-06 0 0.00376389152752171 0.222132266066103 6.42447276753752E-15 1.88454059690931E-05 2.60765922373791E-08 2.7815177153468E-13 1.26249532536996E-19 0.373999247481905 0 2.89130853003895E-33 0.000650336948754222 0.725044665615809 0 0 0.0426646228760785 8.29267041020997E-34 2.79802836846487E-22 0 2.33196679735787E-07 
0.000151624400697375 0.139959805519218 0.134319850471258 0.116180711596345 0.135503812706031 7.5182455257415E-05 5.45104339083513E-20 0.12027352035642 4.25241764881876E-05 0.00499417932336115 0 0.170591987395625 4.66653572259311E-05 0.000349925353639662 0.00956565558462641 0.00747013283116941 0.00870665217417366 0.0178199727161079 0.102699514400074 0 0.600549478743203 4.19534320190029E-14 0.105241921682432 0 0 0.145747765898219 0.000249073045976012 9.89320792252318E-10 0 0.00205992761543472 
0.461921800560656 0.00655368414797245 3.0645180555661E-17 0.644816431396994 0.0165987276520039 0.500118980583605 0.401562484531283 0.405435416762025 0.242716533491088 2.5303511204057E-06 0 0.00279876486945769 0.187768744475274 1.41842962455289E-14 1.03937077002308E-05 9.99735053744114E-08 3.02204051933139E-13 4.54022957265512E-19 0.295940724695483 0 7.70560269597208E-32 0.0198910769960239 0.792541269836068 0 0 0.0422457713614621 4.08316564404267E-31 4.63161230991968E-22 0 1.95615578330318E-07 
0.00129025461168458 0.105500829183533 0.000554561296439836 0.171105296586796 0.118111308759929 0.000592199987853057 4.35083984612202E-14 0.152573043646969 0.000308625589172831 0.000836840768057533 0 0.103200777755949 0.000255009050130036 1.09006605440556E-05 0.00493148306678554 0.000402782120696304 0.000340864580503751 0.0793308156322893 0.231364956263722 0 0.00369520372926144 1.13024776040474E-08 0.18340516383482 0 0 0.117206315993848 0.0027646098757103 2.69407109656764E-11 0 0.00591209428061652 
0.292983104656134 0.0109742595838553 1.13758595774896E-15 0.556699245144785 0.0240832165237954 0.302506633080769 0.0634187302342647 0.43927552327516 0.102747464792997 2.7967711702896E-06 0 0.00350696018627821 0.0816831756750785 2.96708809824579E-13 1.71361560370674E-05 7.8093206577275E-07 4.8981892401274E-12 5.38367726108076E-16 0.257597919998409 0 5.67285186477086E-27 0.291513509872843 0.714035078538849 0 0 0.0468446927501486 1.81626244331001E-24 1.2985867280297E-20 0 1.05686434999001E-06 
8.50127736709305E-09 0.210972415053174 0.00118949649583823 0.0199089715650603 0.209506407283205 6.72355624098465E-11 2.1024757709027E-57 0.015756058510374 3.809949523214E-09 0.210227199605914 0 0.429740530067611 6.14067294212513E-09 0.0392202360076954 2.03609925533962E-09 5.4246071031246E-05 0.050925504343379 1.01037669680797E-16 0.0049550056766627 0 1.15659329566041E-21 1.63414745830815E-44 0.0026501699241359 0 0 0.285572787057515 9.69848245391885E-23 3.50697340669885E-05 0 3.93316690837797E-17 
2.42943646630544E-07 0.45276657984203 4.15694750586486E-09 0.0275493282347902 0.393220456068436 1.15083000926377E-09 3.50585364182184E-50 0.0540559570751426 1.55312024000114E-08 6.25787929290857E-05 0 0.0101844975760991 1.56577316417128E-08 0.000335776884223505 8.17428782063009E-15 9.27981253840046E-05 2.28823012624884E-06 1.9636939085089E-20 0.0025545860340418 0 1.45780777998075E-27 1.20505243360353E-29 0.00543330487061223 0 0 0.16362720889113 4.40259628263193E-11 1.42026675632946E-07 0 8.75278689208451E-21 
1.2584806961196E-14 0.62306893444327 1.2374838081486E-16 0.00148274923081555 0.571860387449307 5.47093533012111E-20 3.38956153120021E-116 0.00235547257994423 1.20623013584889E-15 0.00167238418176949 0 0.00443168908444502 3.59493558847516E-15 0.0554568274102469 1.61389159745589E-28 3.2365697592111E-08 3.69031392307701E-06 5.83358203267119E-51 3.25477530808813E-06 0 4.01288522460547E-72 6.24886119509645E-82 1.17581311219438E-05 0 0 0.413030353484524 4.82810271443496E-47 0.0297466604337829 0 3.36557910813888E-49 
5.59902844074311E-06 0.184216465950203 0.0547795754455677 0.0650615231633914 0.167668947614449 5.00031525096917E-07 6.62429269578616E-32 0.0580051170331725 1.59675521009806E-06 0.0178392076800163 0 0.229090828782545 2.28973772237838E-06 0.00565718004486194 0.000377047740922399 0.00201061309214634 0.274486392956347 3.24782459315417E-05 0.0342951406248037 0 2.14610472618319E-06 2.92561514585909E-23 0.0353898865799358 0 0 0.19350952538928 7.34359043898122E-07 1.09914672748075E-07 0 9.38508831422398E-08 
0.502832224472909 0.00394881030204584 9.57121825080546E-20 0.704388016778031 0.011449686391273 0.790036000770691 0.0173219723189381 0.490102603320839 0.319716740568245 1.16962223415739E-06 0 0.00115739305869602 0.265374522220198 6.26431631623839E-16 9.91501762293781E-07 9.02490298799808E-08 6.94471388487277E-15 2.58502826861373E-24 0.169971148590639 0 1.82316125922936E-38 0.000258853310588382 0.708092906275019 0 0 0.0365491045993962 1.45644080106923E-38 5.93291801875067E-24 0 2.03912660291932E-09 
0.542101903329998 0.00543654087459173 2.58437103159498E-19 0.666107251353355 0.0151552414756885 0.374487150345238 0.062316164611696 0.407696886222361 0.273309387637591 8.68870618859068E-07 0 0.00182366078132499 0.205628560948774 1.60380749401711E-15 5.18191966970204E-07 1.36366849793758E-08 2.04928115789914E-14 1.59512361010647E-21 0.270339075929023 0 6.19567403982521E-37 0.0129257488804202 0.735345912453545 0 0 0.0383998064454271 7.11870426387314E-34 7.3542871430849E-23 0 3.14830758121848E-09 
2.38308189612124E-08 0.606530659712633 0.000100471482106163 0.0185037633414285 0.439164268695616 1.65744362670214E-10 1.82496124848674E-55 0.0337476654750342 2.37154471028574E-09 0.00220417780335775 0 0.0476115331177374 3.29926431918899E-09 0.0651463689074279 8.1997216720275E-13 0.00152997594317955 0.00120430407290345 2.3377702071206E-17 0.00193150304051919 0 6.97358955573685E-21 3.41700938278672E-36 0.00351187270595388 0 0 0.231134575116267 1.29285075333039E-11 3.48699769189995E-05 0 2.43921370291589E-19 
0.00150190850925325 0.0914774436998853 1.54030333537955E-08 0.178026127166306 0.106470158923554 0.000431699034446397 1.40486667891173E-16 0.198090038201246 0.000206009287902318 3.60222552313075E-05 0 0.0119190462011497 0.000185104952480882 4.8339033685669E-07 5.56237012497313E-06 0.000149559233574585 4.28565562745261E-06 9.35122743813241E-08 0.0819380051261367 0 4.79000862528212E-13 2.81659683845692E-08 0.173891191294079 0 0 0.094229056745133 7.23232112355404E-06 3.4840655535225E-13 0 5.75925803568746E-08 
1.58468959787087E-18 0.272710909899243 1.43224297097051E-22 0.000335379978195836 0.377590469397846 2.02283057023585E-25 2.03850292894565E-153 0.00034639264128895 5.55439287749827E-19 0.0372774117902645 0 0.00680921669241092 2.39344812425947E-18 0.00356006847627999 1.06271784861702E-36 8.42571789011521E-12 3.81095641908149E-09 8.36226471316944E-74 1.53617209708803E-07 0 1.35942415010789E-104 7.7186710147825E-116 2.89070373533847E-07 0 0 0.606530659712633 4.67733485643443E-83 0.204541385187657 0 5.41765991460555E-65 
9.91324114856628E-13 0.562695996586299 2.32940592370054E-10 0.00339879705748775 0.43916996752646 2.38051229911858E-16 8.0645939073952E-96 0.00747702237441189 1.2313591411973E-13 0.00786544183245514 0 0.0130389967067554 3.92929467735934E-13 0.527374462633712 2.20030956245947E-21 0.000120403165709076 0.0002644060234894 1.28539582282028E-38 1.73362391810667E-05 0 4.41528894794583E-50 3.39909780119282E-68 8.38219948202058E-05 0 0 0.363818794946057 1.47924104303115E-36 0.00286237457485672 0 1.38928888134171E-37 
0.000250235184853987 0.112198436595543 0.0115063831859843 0.132151121867781 0.118657401231585 8.97572535573547E-05 1.50132665041816E-18 0.107293697880186 7.93470536785574E-05 0.00432457774703872 0 0.240313060593692 9.150650358684E-05 0.000108789997934581 0.0246705951377932 0.000735433545410757 0.00811212510503484 0.574885629157448 0.152679143792401 0 0.0112385122297022 1.66118245532317E-13 0.130547217788128 0 0 0.141326690663385 2.69998542441997E-05 4.38142246262072E-10 0 0.00111397405035974 
2.57225760574821E-05 0.220231289243034 0.00525701180023702 0.0799210448461948 0.206283492994116 2.45741928240306E-06 1.21819045454522E-27 0.0863416542185199 4.33496822591402E-06 0.00200658524275495 0 0.111447126960647 4.33583951736736E-06 0.00144957981212518 2.25891310344263E-05 0.00137393912422513 0.0209086395545814 0.000182955157783503 0.0519444107992357 0 1.84560750267518E-05 2.26571804582607E-17 0.0470358608321057 0 0 0.162663667359873 0.135202820921381 2.82632418203663E-08 0 2.70651292500049E-07 
9.25224117433267E-10 0.0640141478846726 1.12587054885912E-08 0.0158998322671983 0.0967994584465314 2.7301371527911E-12 1.44810390536199E-68 0.007968526725106 1.10065474635289E-09 0.643757246875326 0 0.375530767702545 2.13117176115615E-09 0.000141052330259763 3.09351654425518E-12 1.65297149338998E-07 7.92855904136793E-05 8.61501827204609E-29 0.00253010351590565 0 5.7886859094963E-40 1.26354583928034E-57 0.000912127386243748 0 0 0.274310934322957 1.50831142237093E-44 2.99706073895928E-07 0 3.1969296448894E-23 
0.118394846794813 0.0148035249912329 3.60116821624105E-11 0.485187335058692 0.0282358414001159 0.209488831200854 0.124418723174656 0.318242865625504 0.0623666388822586 4.9557162260714E-05 0 0.017323805589673 0.0543583536677548 3.08205467157727E-11 0.0095036262143197 6.17357978098523E-06 2.53020483613064E-09 4.0724087967844E-10 0.43057673371571 0 2.55828259223353E-17 0.00582389379817521 0.716259036218434 0 0 0.0610027701972307 1.60418690788966E-20 2.03822641691765E-18 0 0.00294519897405038 
0.138638263041098 0.0141945343058168 8.65303807715111E-12 0.488599413696024 0.0264322223865594 0.241900672594597 0.200699271166171 0.366009029206471 0.0676596960997594 2.65029701858617E-05 0 0.0116775083531823 0.06709177267815 1.28830056871182E-11 0.00421568024499634 1.01725118059162E-05 8.02719062682192E-10 1.43304663399073E-11 0.29962527901594 0 3.11615599196464E-19 0.0206899716553869 0.782123244075326 0 0 0.0576297517205624 9.96393477578083E-22 5.8550209092312E-19 0 0.000694758479533133 
0.00422509485647144 0.0526559953799111 9.58102386078181E-05 0.235251986507256 0.0714666160498093 0.00319195769748561 1.23882127572393E-09 0.16755544288785 0.00184092972718548 0.00144733489060573 0 0.118853211101005 0.00151176826728205 4.93400644665484E-07 0.117451889477082 0.0001618316385409 7.02554864229914E-05 0.00223238343000354 0.397369169424977 0 0.0001136167482853 8.87291603498469E-08 0.261084071576342 0 0 0.104856426485372 1.66502529135892E-08 6.13607980320787E-13 0 0.653379502580972 
0.0473860947527011 0.0314789440600404 7.01127707166917E-09 0.372627518280522 0.0479601025277687 0.0643483714910987 0.00105728137506323 0.33509738193291 0.0147436214242815 4.54109943999056E-05 0 0.0180225985375008 0.0129117881702638 1.77313997186188E-09 0.0056880116872008 0.000100654439845305 1.00373968846019E-07 2.55533216942464E-07 0.282700711522966 0 9.21834708861968E-12 0.0636356611967368 0.550946210554903 0 0 0.0706022984158834 4.19812152277653E-12 2.09269528795759E-16 0 0.00799581767550097 
0.00265193064086337 0.0614071200190521 0.000738267560554917 0.209667047327253 0.0760919331570862 0.0028658066951694 7.34088784446776E-11 0.175293416598397 0.00111803950468032 0.0021132308267143 0 0.143216311346083 0.00108628822176905 1.60437891491114E-06 0.172390535940657 0.000829759058177845 8.84615041210436E-05 0.00692295774177908 0.273527831464915 0 0.00151933308712764 7.5658751770139E-09 0.254177528469931 0 0 0.109439322891024 4.65715979096104E-09 1.26152927895254E-12 0 0.290573273642968 
3.22371093024013E-08 0.45791601794972 0.00328081079594479 0.0220643398342218 0.34174659118281 4.89987280311336E-10 1.29530153751737E-52 0.0324741685818456 4.73172661906833E-09 0.00835259423821364 0 0.101543739889844 7.92673374221817E-09 0.224353107759149 2.48573079840524E-10 0.00250534657814724 0.0541523137026721 3.42323661718672E-13 0.00322798035163788 0 2.88016373638671E-16 6.25215334423588E-36 0.00497041833501285 0 0 0.246051303840349 4.95422030108689E-11 3.94536608401143E-05 0 4.67969931834175E-17 
0.122895141187263 0.0150796976902821 1.19542196991861E-11 0.480378292921746 0.027893331254694 0.335751616144664 0.0328213250950432 0.399698833382381 0.054066444375741 2.49892893521455E-05 0 0.00936321714965395 0.0489120124077168 2.12952342110284E-11 0.00189231927789923 2.32375072486106E-05 6.12453601638959E-10 1.09096878094437E-11 0.289566169835524 0 2.26011432909722E-18 0.00961749770216812 0.702561863432614 0 0 0.0572834022064768 2.23913488224041E-21 5.50683210399111E-19 0 0.000507069669086727 
6.31166919754848E-05 0.181468709629653 0.00014347966182065 0.0908666105388956 0.193947143486417 5.63571539884937E-06 4.83103862599386E-26 0.083074221215558 1.21726964984431E-05 0.00173697091162765 0 0.100203382360696 8.03336967021195E-06 0.000139155240552346 6.82107223844916E-06 0.000108803059560842 0.00044965232062109 5.11522049802203E-06 0.110970182595651 0 8.45065323178099E-08 1.91115465451494E-16 0.0485942552857821 0 0 0.147022647623898 0.0014248050691884 4.48218867082818E-09 0 9.82899437255322E-07 
1.91553354540743E-16 0.826704305698934 1.07766478447694E-25 0.000558931629508605 0.917898754822047 4.50893242709592E-23 6.27544965262235E-140 0.00187596810518519 7.38026957961583E-18 1.12618851500903E-05 0 0.000213778963035929 1.59149304650999E-17 0.000121271692205629 7.29389721947028E-41 2.62754950724036E-10 2.48283074553321E-13 4.53218908925948E-73 1.67559028349663E-07 0 4.03000876100931E-102 5.88121181212709E-95 9.18160460577783E-07 0 0 0.332279047369293 3.40011559846619E-64 0.0020231684183767 0 9.91061370920261E-65 
6.93226378936768E-07 0.262792936759918 0.0866436354072512 0.041968516161662 0.237615553020449 2.83557956690654E-08 4.45238921138037E-40 0.0433055341907155 1.69473554900272E-07 0.0238433381763282 0 0.309011958556557 2.13506071482477E-07 0.0308722054864821 1.59917889437091E-06 0.00131564077798359 0.18464714296882 1.58843756586564E-07 0.0198099382309778 0 1.39857209485843E-08 1.48615256882727E-28 0.0136421900722544 0 0 0.221216181770571 5.21825452483673E-08 3.40311787902392E-06 0 2.27150298859627E-10 
0.0486146728761612 0.0325999222833656 1.82046547337147E-09 0.36805965613241 0.0505082279729608 0.0449269196043244 0.000391342147405178 0.290177745545217 0.0144380483929703 4.05007229902657E-05 0 0.0204477713858398 0.0118467164023915 1.35233245456963E-09 0.00265941619872319 1.79847074522053E-05 6.42437209029247E-08 7.6895554564398E-07 0.364220424376275 0 5.41370567687363E-13 0.0416934595834016 0.545871854245707 0 0 0.0708388849235165 5.62080470706343E-12 3.11444524265692E-16 0 0.00186340061746925 
0.413511763615259 0.00674790321763627 3.70498198120055E-17 0.62184081269185 0.0159285976285282 0.635352534631868 0.208298704417385 0.476422763053583 0.202743500637929 1.79634446367753E-06 0 0.00204777617115108 0.191711768847422 1.47625286311376E-14 7.4050780687379E-06 4.55502586834066E-07 1.83069172600907E-13 7.05666064616904E-20 0.183920984631078 0 3.08686329960239E-32 0.0185018178384022 0.863204364282216 0 0 0.041103195612111 3.5721133723467E-32 2.16325424582053E-22 0 5.93848194023946E-08 
1.79829260547554E-08 0.431219430307427 0.000971224467403074 0.0199057457087904 0.360524542401434 1.16299524333058E-10 2.52513947829506E-55 0.0213839831263769 3.21530213871256E-09 0.018279420596001 0 0.178416532337989 4.16933266848951E-09 0.157864611642692 5.98408294104673E-11 0.000105558946181659 0.0389379598207914 6.34380706275979E-14 0.0052239801991294 0 1.54357936530583E-18 1.10032717711543E-38 0.00334520300599461 0 0 0.264756298913581 1.13113087873122E-12 0.000167752878243556 0 1.28511688060457E-17 
0.0270406964944261 0.0362476206342177 1.4458828600448E-07 0.333358366128853 0.0493831007324209 0.040542286021211 0.000118031622968483 0.280508893422748 0.00894337781827638 0.000134261138294793 0 0.0302770001443264 0.00984306029269525 1.10474811637417E-08 0.0484633942369237 0.000207071289422457 9.36831896977521E-07 2.49987866717262E-05 0.260293003787778 0 1.99077528616254E-09 0.00160283715587285 0.606530659712633 0 0 0.07867972561243 8.59437388207532E-12 1.21696942513364E-15 0 0.0138293756259941 
7.02370370401492E-07 0.258041472377617 0.171460424101373 0.0430013679474091 0.217364696784748 4.94137560260158E-08 1.41445582609172E-39 0.0496789026118493 1.65711490369471E-07 0.0197625447717464 0 0.200720184277836 2.53813738181497E-07 0.0429423636758918 3.07394579797652E-06 0.00695418256775477 0.28661269641665 8.07876356639314E-08 0.0140620360388118 0 4.55545007425815E-08 2.40667645559586E-28 0.0163414450920765 0 0 0.216188174996034 2.15080046597304E-08 1.38399635476254E-06 0 1.54489569813078E-10 
0.000126067747627982 0.202030272346372 0.000470332531369693 0.101028593388563 0.187637322296434 2.26083146368447E-05 6.99627942507645E-23 0.139831516847568 1.73019282934297E-05 0.000491053718004566 0 0.0524991560824553 1.66375374710661E-05 0.000167451633515893 1.98158435033913E-05 0.00402352386943074 0.000643003403745786 2.45966336733009E-05 0.0524958642594986 0 5.23128942811905E-06 8.71287297981605E-13 0.0778925517278076 0 0 0.134132097853732 0.239150303940016 9.40506603117957E-10 0 1.31747265450308E-06 
0.0931516160504044 0.020583531872632 2.50796502241597E-10 0.44634318583618 0.0357714902392591 0.124298763726897 0.0571033958555608 0.315538784494599 0.0375410706466275 3.99949767884312E-05 0 0.0158105172336986 0.0317740902953125 1.43475004368311E-10 0.00693433628040563 1.33318718023974E-05 1.3878799179362E-08 6.0352534456326E-09 0.386211628999216 0 3.41889418286269E-15 0.0557129933722539 0.673924164568096 0 0 0.0644195127962853 3.11466329545787E-16 1.44541504628884E-17 0 0.0038935927909901 
0.195029719549623 0.0150098191782123 6.53002282969315E-13 0.505511222083474 0.0291063216032588 0.268816668274488 0.235261397983742 0.395203495524915 0.0758877133131674 9.89889989071212E-06 0 0.0069843584477029 0.060248715698499 4.66167203836407E-12 0.000282190738300444 3.95124054758878E-06 1.241935815037E-10 7.70484946148127E-13 0.33155407714211 0 4.76411607881291E-21 0.366600235868998 0.723568104566338 0 0 0.0536249579532719 8.94536254016295E-21 2.8984640783305E-19 0 0.000138050847172155 
0.00572695383521484 0.0477850101278397 4.68791892563909E-06 0.250246432271922 0.0718379909594375 0.00313676774413015 1.4315713559165E-09 0.151870974041101 0.00242580826453842 0.000902559351937056 0 0.113121087081396 0.00166153401178408 1.3879744612608E-07 0.0191463175880969 1.49678335646701E-05 1.21214697166625E-05 0.000907455355886029 0.606530659712633 0 3.63377826992147E-07 1.45908547075962E-07 0.25011993676669 0 0 0.0993958627323567 3.63482912328504E-09 3.25610106175999E-13 0 0.0967811367863857 
9.1560333950106E-09 0.263063383828416 0.00496340296436025 0.0193186795654419 0.243276964238919 8.98274630944033E-11 9.58778282383141E-57 0.0177892582237643 3.28587787169748E-09 0.137134185566426 0 0.382396788361519 5.38512461646145E-09 0.0938909310714355 1.0774088068886E-09 0.000166909780325156 0.0494167230033219 7.5547947506405E-16 0.00472324911998722 0 1.66128398321644E-19 3.61086110523336E-43 0.00288997959287969 0 0 0.28223883335083 3.79260332716199E-20 6.92168357407548E-05 0 6.7550285279119E-17 
0.00239198423911786 0.050004317294535 0.000183874362185001 0.22114570844366 0.0632724695340503 0.00256661287835485 3.15117626686487E-11 0.166283276991573 0.00111393566383201 0.00262264021183648 0 0.130683139122559 0.00130737753531791 1.38423886025117E-06 0.783709439849603 0.000697196338620498 0.000298191368662771 0.0070340312452625 0.231590947410652 0 8.45314624625925E-05 8.07183562317595E-10 0.274333686113714 0 0 0.110457262058726 2.00131445171062E-10 5.94613014507609E-13 0 0.0824030087760572 
0.119330583107791 0.0191866588784307 4.1388493863384E-15 0.425501566791849 0.0348409837240488 0.0674823273371556 7.30630818745385E-05 0.400918787649027 0.0271028583710196 1.47756146002604E-06 0 0.00233384690801134 0.0231082532610089 2.23840996829249E-12 1.14077247860005E-06 1.89304079167749E-06 1.03258551660354E-11 3.30236166164786E-16 0.146127821264361 0 9.42673597763015E-27 0.155979162231109 0.586337691382334 0 0 0.050114861742844 1.36535084114591E-20 1.86559984602447E-19 0 2.67884876102142E-08 
9.90306581045425E-05 0.15549791012441 0.251254407768199 0.104386895539017 0.146615400701068 3.65870146586985E-05 1.54502802452618E-21 0.107797479149961 2.73895178306512E-05 0.00608166999569998 0 0.193580494001416 2.98251333877651E-05 0.000503752063390707 0.00423333193700753 0.00612392645498517 0.00868149609475616 0.00559018457302816 0.0898363826318697 0 0.17657876602072 3.24667952629103E-15 0.0894881860300171 0 0 0.15175575452965 9.63236960027326E-05 2.42913311756967E-09 0 0.000639572046340799 
3.25739711254184E-06 0.291269459907845 0.0025296124837024 0.0517994225265216 0.272759666486376 9.70979910463951E-08 1.27606034735164E-35 0.0554482445862033 5.35281915409181E-07 0.00319321349662092 0 0.141254617796425 4.9620231989782E-07 0.00454403802622816 1.71483645542636E-07 0.000292186162691344 0.010722880695359 1.31953239974363E-07 0.0335672461523249 0 1.62068446564334E-09 5.73357364393393E-23 0.0192154039884137 0 0 0.186403677415619 0.00128041254798252 7.1404079307677E-07 0 4.59769714555704E-10 
0.000126432531642867 0.156631752689492 0.00162887700400523 0.112531949640067 0.153865469139488 2.29841236354017E-05 1.14043755230387E-21 0.116798879822194 2.41910199022777E-05 0.00128966851964719 0 0.0711071864464984 2.50744013070034E-05 0.000209890660752192 0.000498701482038229 0.00280740598254335 0.00866412305779809 0.000178533687065984 0.0683167316922124 0 0.000119389048894757 1.61202328334397E-13 0.0873849101643391 0 0 0.141715330218445 0.0941497815028023 1.00963366672469E-09 0 1.83542785448813E-05 
0.62882683151377 0.00324118484277384 6.43405339761764E-21 0.737475483761387 0.0103101982997964 0.660060308475254 0.0285821295795006 0.447816899993326 0.452955387419686 8.19904114518828E-07 0 0.00130273359561865 0.376538770545079 1.23511196656096E-16 3.48210377314472E-07 1.06589750677405E-08 1.38592579332119E-15 4.55682685714429E-25 0.210358536124287 0 1.43805524254601E-41 0.000202452544665624 0.72495828545562 0 0 0.0347252360250602 6.61135397381163E-41 2.15008112826321E-24 0 4.51818182833257E-10 
0.000348525155372287 0.123923278368756 0.0118824247591804 0.138336315306189 0.128018298873349 0.000139198968140507 1.68560710443548E-17 0.129506382082642 9.03224656517831E-05 0.00263869203805302 0 0.133541615510719 8.91290909511088E-05 0.000117399052791486 0.0163429186131283 0.00288697692621922 0.00739154934366609 0.0541402542189971 0.133402096436704 0 0.172158431133672 8.49104979199768E-12 0.130977819558743 0 0 0.136557652911128 0.00967707313840084 3.03189604828111E-10 0 0.00458587136243632 
2.18386699129966E-14 0.726973731944069 9.00625041103286E-13 0.001532611071469 0.633385541503074 4.69725986543029E-19 2.47891512049587E-112 0.00304190264638163 2.97087532912787E-15 0.0072374281787162 0 0.0127714108802826 7.19959581679906E-15 0.183753640906458 2.5400664669081E-27 7.63121836908806E-07 1.29984085549876E-06 1.24426715212381E-48 6.5722712421228E-06 0 7.7399728963361E-64 2.51866591275731E-80 1.33203527821766E-05 0 0 0.418405323423647 5.07790014436559E-47 0.0833343557788461 0 6.67596117981879E-45 
4.11821088758768E-17 0.373832622349998 1.55977867197601E-18 0.000556639562486907 0.458567660851129 3.4154167062184E-23 7.97947020958989E-139 0.000681883672691406 1.25142866924729E-17 0.0370413274661792 0 0.0156886549698361 4.50417017199541E-17 0.012693984893803 2.40234510778826E-33 3.13386658456738E-10 1.19362290442988E-08 1.39628660478453E-64 8.09189345360366E-07 0 9.04962447894708E-90 5.06590237766145E-104 1.04236560654805E-06 0 0 0.537816193211548 6.76384433452625E-72 0.293767958049434 0 2.27438973683839E-57 
0.011454598704258 0.0257055750181194 8.01773634818674E-08 0.304259419334606 0.0456993143586326 0.00734911067940352 4.69634516886029E-08 0.165925179905285 0.00731067658232992 0.000972054565122167 0 0.102847335576293 0.00533301963021103 5.19332241321626E-09 0.048524445629482 4.79740205259958E-06 8.92429028159762E-07 1.07484249430235E-06 0.617364820985478 0 1.35808407524137E-11 3.84097238701042E-08 0.290996704461331 0 0 0.0886980385151811 7.1925797571625E-16 6.56621986222263E-15 0 0.107762436084226 
1.62882436034321E-05 0.143192186592557 0.0646368580987237 0.0804647671045938 0.140044425482808 2.23216953362752E-06 7.17550340844421E-28 0.0625564706552896 5.8408966993368E-06 0.0210180306274066 0 0.322571648485994 7.79109513638988E-06 0.00167828013782157 0.00333949178921261 0.000869473081097371 0.110926325317434 0.000886934904675082 0.0656066100324175 0 4.90389606606717E-05 3.57237652354422E-21 0.0522317904905668 0 0 0.180009060811892 1.23949033520173E-07 2.42657821750207E-08 0 4.46239733131834E-06 
0.000121570762533085 0.156609629890892 0.0202403963576191 0.109011260864569 0.154324409081872 2.14040258387306E-05 2.6911997127196E-21 0.095337789271196 2.92946937999497E-05 0.00280918116306249 0 0.178932470251201 3.01142319256917E-05 0.000274247883313347 0.00135673026099683 0.000693783649771859 0.010343979344788 0.0209942254210406 0.109219743047078 0 0.00376479724428321 2.95783727039199E-14 0.0927553066433794 0 0 0.148776223113855 0.00463684400827752 3.05681307534743E-09 0 8.9435806997393E-05 
0.00324271963628307 0.0384732783932991 4.49654447534834E-05 0.239174286977466 0.0523796062606339 0.00347880285782985 2.73934473136847E-10 0.167195371046858 0.00181478928190594 0.00204847754243247 0 0.131215364760571 0.00225770435944124 2.43333193405839E-07 0.445179671335852 0.000270870750577554 5.8007483440189E-05 0.000252118720718147 0.244211970232362 0 5.95579366613118E-07 5.77110650857054E-10 0.306153851278327 0 0 0.103254595247995 7.73981769437031E-14 1.10031567381467E-13 0 0.0473415622615954 
2.06927372542472E-16 0.393833716438752 2.67315690223782E-18 0.000720599422793285 0.517637368292423 1.53919530060403E-22 5.42500295122492E-133 0.000733768538133414 5.90224208779879E-17 0.0303440537613223 0 0.0233898046751851 1.37671207220163E-16 0.00681103279762367 1.7384849699315E-32 5.26893386014562E-11 1.15567440387626E-08 4.35665653803953E-61 2.72356752355587E-06 0 6.06053683825231E-86 6.96551015494174E-99 1.53288416904348E-06 0 0 0.510203162010581 2.67976380865586E-66 0.402951891551687 0 1.84260301942506E-54 
1.80064371880984E-14 0.445319388399813 3.8015948010933E-14 0.00161593615097323 0.494783560526076 1.05484171285032E-19 2.54318920840745E-113 0.001578829717396 4.26623613823455E-15 0.0305064428166592 0 0.0527073368234131 1.00931714978645E-14 0.0447076497949667 1.64451994906704E-26 1.91141245320637E-09 3.39708071253556E-06 4.66987791573645E-47 1.79398411875464E-05 0 1.89255278086805E-67 1.86078819955273E-83 1.20054812604609E-05 0 0 0.454985800876988 7.45274444458542E-51 0.183860696819144 0 4.06832969499632E-45 
5.43961013559272E-05 0.12546097199906 0.000296443255967405 0.0954857693695567 0.111436230811234 4.50529683437479E-05 1.48355750171842E-25 0.184880449419334 1.18385531294397E-05 0.000943581396070954 0 0.0252165982094971 2.06082618427855E-05 5.32611387909501E-05 4.3505139169007E-05 0.349656569152669 8.95406444238717E-05 6.31455046721493E-11 0.012881611170355 0 6.73139181126728E-10 1.42659463082428E-17 0.0767613383080159 0 0 0.126782874885619 2.95384244200286E-12 1.54810435742138E-11 0 4.10220235114145E-08 
0.190226052882863 0.0127890513837918 2.20001544423656E-13 0.519781990604701 0.0246770863189251 0.403081554128101 0.184316943779274 0.4455838421978 0.0792530349206607 8.06245428913485E-06 0 0.00545966099236303 0.0797065808970492 2.73269256660958E-12 0.00036983283330304 1.00951682382313E-05 6.06173332049741E-11 9.847558702036E-14 0.226802185673869 0 1.38075048755562E-22 0.0950598552833768 0.81081430369823 0 0 0.0512797461632434 1.91948455085341E-23 6.17417634611561E-20 0 2.24365692151329E-05 
0.041180027236845 0.0197452637913037 5.07272166120731E-14 0.360942026646005 0.032676947280891 0.0859148245366625 4.54512189066878E-08 0.606530659712633 0.0095732349197542 2.4231965290028E-06 0 0.001822517909352 0.0115889576477391 1.11175305589485E-11 1.5745198382051E-06 0.000343801419017057 1.7557489571762E-11 7.85630720810688E-18 0.0486950120268135 0 1.83874963889548E-25 0.00039443225615028 0.436543537567562 0 0 0.0518988235413075 3.61575881036483E-23 1.2835446253367E-19 0 1.66243835310214E-08 
0.0941019198589158 0.024873888984093 2.97687045926859E-11 0.414986647037475 0.0424704697382407 0.104796127994154 0.00366302309034716 0.360451412114274 0.028464329812991 1.6592182915511E-05 0 0.0107951193336245 0.0212278148659391 9.65721306611117E-11 0.000376074082971165 1.2004924594031E-05 1.77069336604939E-09 5.11138788433678E-10 0.332806920711888 0 6.13394930373302E-17 0.277215495263654 0.574852602824472 0 0 0.0614457069878138 2.34556377537404E-15 1.33241768898117E-17 0 0.000445249776083537 
0.0474868432949934 0.0345885798581903 1.04645193607455E-09 0.357310238966594 0.0523199906143458 0.0495191743035211 0.000172729276361861 0.352349161903567 0.0125757969419199 2.61174271044597E-05 0 0.0118879738689227 0.0100412566788844 9.42605095440432E-10 0.000758424787251046 9.08218962129302E-05 2.40810216188723E-08 5.53694439496082E-09 0.238837833574312 0 9.80142604554038E-14 0.121915661222891 0.494062771191776 0 0 0.0683091411186328 6.12990207044729E-12 1.57602136413918E-16 0 0.00156218967115751 
1.55404320121544E-05 0.125365856332213 0.0186600940621614 0.0786909309826228 0.140849089283463 1.6395338276919E-06 7.61532947674716E-29 0.0551505707744761 6.68637152701154E-06 0.0267900483706159 0 0.606530659712633 7.28057243126356E-06 0.000485454807948387 0.000560732767996078 9.60488997559769E-05 0.0106844855089764 0.000221041239664546 0.102142936210563 0 6.62989125969497E-07 1.79516287434301E-22 0.0406419789605503 0 0 0.177504699398456 1.42779814203973E-10 2.42614457608405E-08 0 2.62448011680501E-06 
0.00103536631361007 0.106120923418754 0.00329353955258888 0.165831443027935 0.113886283350622 0.000721453663283108 2.44466818626716E-14 0.158702757443763 0.000270519592197976 0.00147142364789606 0 0.119495634478322 0.00024868090194541 2.20625070903033E-05 0.0167086572719381 0.00171387315183588 0.000585500746247697 0.123433935259574 0.193800279695384 0 0.107447852711684 1.67045456892984E-09 0.18658977430344 0 0 0.120765192035398 0.000417733687508375 3.18572688208475E-11 0 0.0155991177405196 
0.000447935762973295 0.149217188460197 0.00157584919734092 0.134459020869531 0.142859725892216 0.000214444929042523 1.67768588664653E-17 0.174848228159747 8.16437963741342E-05 0.000679103431073307 0 0.0579616902891009 8.37214229542203E-05 5.9403264738875E-05 0.00103123029930868 0.0105090683199974 0.000614581965156257 0.000901012318872304 0.0837930183126667 0 0.00205620366762834 4.45089334898081E-10 0.13774342656862 0 0 0.123646949265331 0.0384374233391519 9.47136094762747E-11 0 0.000335803176550118 
0.00135258593508313 0.118958623064748 6.69192485210827E-06 0.161462083741193 0.125573989878615 0.00067725155978618 2.11754284686621E-15 0.239357579880229 0.000200764524099639 0.000115744478375939 0 0.0254949179761909 0.000188922476237172 2.85291448836563E-06 6.48383462791345E-05 0.00380726753082111 9.94874863212806E-06 3.30346308740053E-06 0.0817065102098664 0 1.24074145079485E-07 1.89506311780376E-07 0.168544282763417 0 0 0.101578930934596 0.000692988484184299 2.66759819752097E-12 0 3.08623592436603E-05 
0.261980835862649 0.00833388657778224 5.81054598590023E-15 0.606530659712633 0.0195391278564505 0.35286290205306 0.325416051973121 0.365924988617747 0.142607185587022 8.59370663734237E-06 0 0.00558831819319991 0.118298623774459 3.58057952435025E-13 0.000332826012133704 5.05135059536153E-07 3.51624960394952E-11 4.97765239285769E-15 0.355836486614141 0 7.78190957113368E-26 0.0115016524939132 0.748940999638765 0 0 0.0494136221505074 2.78531694616597E-26 1.27597240915901E-20 0 1.06237196538406E-05 
0.668912013713065 0.00215061526937745 9.616230860549E-24 0.781124394670818 0.00735769687000586 0.720121718328584 0.000979202771780635 0.504747200650528 0.485444690555982 2.01657059295682E-07 0 0.000461514262153378 0.528359607883306 5.01210859814564E-18 1.10153083967679E-08 4.52649361449855E-09 2.70169802705754E-17 4.94414256161993E-30 0.102947375911997 0 1.63438882886063E-49 5.95104206663967E-06 0.77076557269611 0 0 0.0295438473015227 3.67705528729545E-48 2.94620416900722E-26 0 2.45784971264894E-13 
4.51238102855866E-05 0.178258609892752 0.000163788193241843 0.0892889247078014 0.195171938748898 3.08202649289571E-06 1.20888126826701E-26 0.0825743114075542 9.02285792810586E-06 0.00150732011964235 0 0.0841746742457624 5.9903964670749E-06 0.000168914766805538 5.23804748206705E-06 0.000165119560709802 0.00166700272849212 7.11307785627669E-07 0.0902227388917841 0 4.84421052983354E-08 1.2114211284519E-16 0.0411115220264395 0 0 0.150592783071719 0.0153526512584715 7.31025501651201E-09 0 9.923105483969E-07 
2.65689588225855E-07 0.268419769195808 2.04551133667423E-05 0.0336092411578998 0.199535363921168 2.69714373361687E-08 3.62920663813766E-46 0.096598227694676 3.15436178100412E-08 0.000725214731571182 0 0.0148538215941799 8.33792381641283E-08 0.00345072243834614 3.56642026733543E-10 0.387052025261741 0.00029509671781344 1.07948064375176E-17 0.00109646636989592 0 2.00140743426304E-19 1.32737770964631E-30 0.01157658995141 0 0 0.170928484049975 1.01127161965577E-15 8.56145228966947E-09 0 4.14451600485713E-17 
1.97325580760386E-05 0.204045390535491 0.0304695018777238 0.0773428672797055 0.1971537274313 1.93881934726879E-06 5.3363939665966E-28 0.0712113543379462 4.40746986034828E-06 0.00644298931430131 0 0.223487757763311 4.38893788767086E-06 0.00233534083778545 0.000119274375524074 0.000790971872304503 0.0413625200352003 0.00154265932930461 0.0723646035955112 0 0.000267256368607845 6.60150529100515E-19 0.0441946352062622 0 0 0.173799932021052 0.00687937559605398 7.47911008374727E-08 0 1.94642922694628E-06 
0.000347204059634959 0.141664890434986 0.00524297605063712 0.13175154703988 0.131455800587665 0.000232107747180537 6.73039090903834E-18 0.16570937756231 7.32583524002925E-05 0.00107062617221673 0 0.0681367776922263 8.57390018865955E-05 0.00010049631599642 0.00310473344998515 0.0178149353637483 0.00135058867432183 0.00355346277986891 0.0755185032872911 0 0.0123816465995063 3.2636158031326E-11 0.147407880503461 0 0 0.127305546325835 0.00163547114076546 9.48703039295635E-11 0 0.000345873966611557 
0.0846956560721068 0.0148973874706828 4.421948183113E-12 0.44938951379682 0.0259959191822802 0.282886489695844 0.00176272716843285 0.469687556333496 0.0357250297197246 1.58921596820054E-05 0 0.00601092660477599 0.0435591291820703 1.84738454020376E-11 0.000989856106449731 0.000128309941248496 3.34441373630212E-10 2.07966151247873E-13 0.140132197463499 0 2.08769896271191E-20 0.00197694558165848 0.693829483215756 0 0 0.0556603453119788 2.99136598927445E-23 2.15535748105233E-19 0 3.31288858174563E-05 
0.00274373887748319 0.0362517098964696 5.32397653445877E-10 0.218981872463047 0.0441489084938086 0.00707259010928523 1.27521541425733E-14 0.41293714887701 0.000688097343725443 2.04487657031889E-05 0 0.00352465901874983 0.00132229238261674 4.8736682161101E-09 1.32222487100318E-05 0.0215025626428177 1.06879208956715E-08 1.69498773633842E-15 0.0185428968299386 0 1.17940126758679E-19 8.16774836957499E-10 0.277358877827878 0 0 0.0714782826665456 5.30370186990584E-21 4.8106307994092E-17 0 6.840959868613E-09 
0.0233709719145021 0.0368829739185883 2.30141262522869E-09 0.330202432432954 0.051711044688844 0.0291523669446009 1.4536624874269E-06 0.354538664181971 0.0053733589790978 2.24199725148645E-05 0 0.00963569584197563 0.00568452553691001 4.36867672488758E-09 0.000894204877845875 0.000313566691669012 2.27732102950526E-07 3.09054489062692E-08 0.134189407836751 0 3.51516191503523E-13 0.00500875238024371 0.473789577852831 0 0 0.0716921653069884 2.05455753552804E-11 2.7059135342308E-16 0 7.22745035004065E-05 
