30 0.600000023841858 1.85929792213113E-05 100 0.03
0.723852666772237 1.9210303908558 0.19542569363923 -0.818318737383227 1.74155991967047 -1.45901758627544 -0.57036165460212 1.07878363163269 -0.25653255703712 -0.768332518303221 0.272157733006404 0.717151416333928 3.29893486391947 1.20069472404082 0.395317241330166 -0.670440271073684 1.7275929350707 0.171857313333013 2.3247633509616 -0.51493178234267 1.07932041538644 -0.881844395180685 0.793134062891327 0.387863370770525 3.06228449491411 -1.82874920093017 -0.886074641837887 -0.670519766361582 0.673006098994735 -0.717978518212309 
-1.0505559528178 0.384487035959099 0.148537331175063 -0.620002162538388 -0.169891288464435 1.64833898264286 -0.639093778399571 -1.36050482590829 -0.0728224909505927 1.973996927913 1.3390597943935 0.651347932709077 -1.40401608934694 -0.0726714220906533 1.29476072131246 -0.957017337541265 -1.36975999453009 0.929653646391655 -1.16149958991606 -1.0256372820812 1.66352782938977 2.02083529354236 -1.38144288176208 0.196128172891274 -0.616931204030581 2.72054156610017 -0.105839424475236 -0.706571622186059 -0.663169914149864 -0.169743604452546 
-0.189221349363432 -1.10201314223466 0.0116323021022803 -0.483058614583657 -0.959891686964032 0.665323563041796 1.39193403827471 -0.566364578655372 -0.117393274873299 0.277628803909492 1.26117192138366 0.900708552403705 0.692567769864594 -0.0715388444260528 1.83272606325765 0.384898636718448 0.769964826062362 0.36098659241618 0.547391223510283 0.579216241272217 -0.0743709612662912 -0.797496596133928 2.24406088980568 0.189756553242801 -0.00858187804547342 0.715814090260048 1.85474518850452 -0.764009202536381 0.930847854793857 -0.88816852351161 
0.738882541390785 -1.0893127214403 -0.892317651524206 2.88810587654684 1.09642293713225 0.828546815501828 0.0387352999131733 2.1314557194865 1.50353538338702 -0.368717231472571 -2.25767418799935 0.397560944500175 -0.787939113925123 -0.384627298503425 -2.62234285452613 0.367360751973321 0.136073118904883 0.655371465094095 -1.25175280453597 3.02144240377464 -0.821492097117671 1.01040077134241 -1.22433030560185 0.624197591852489 -0.195334245837089 -1.18141989006641 0.503476614236737 3.82235061547309 0.328855178717976 0.832894832788994 
-1.54952590503751 -1.04332076078764 -1.60116121366341 -1.29168235325106 
2.83696799700647E-10 3.8267044303656E-14 0.00284781198561146 0.0162891206170549 2.26262057776631E-05 1.857060145424E-32 0.0161992788060423 1.0885620846925E-21 5.071317276698E-11 1.14208410535376E-21 0.000495918702361921 0 0.000132901629878459 0.729258121893777 4.1549993319696E-05 0.00539588144840708 0.0894168298257924 0 2.83153853002519E-32 1.38611445717504E-17 6.76527800645271E-11 0.000263609682525957 1.01616117375398E-07 0 2.28420169259709E-50 0.0854629941273637 4.30208331746824E-08 2.43629377709792E-05 4.40904358688981E-11 0.00539021167664534 
1.19972664037E-16 1.98800749643022E-24 5.1014812527969E-05 0.00116034877861037 1.64113659192123E-10 2.43698229319459E-64 0.00119071129361884 1.06600040247549E-59 4.50787500093545E-17 1.12393258898548E-44 5.06757269725474E-07 0 6.64987763103214E-08 0.599107922169513 2.19856886719033E-08 0.000100555658037201 0.386255545837457 0 2.25167561240067E-58 3.06624562349471E-47 1.01998104824654E-34 0.0189938747328719 3.23239874507976E-14 0 1.09832287859033E-114 0.0965588377647981 2.87291169388156E-20 1.75540397873763E-10 1.67644519134674E-17 0.000168150588900752 
1.46598546561723E-05 1.38979599292409E-06 0.0584564210642587 0.0849983996656215 0.0302542608983097 1.01888324283417E-11 0.0768280811049588 0.00168291767821483 3.53648091403262E-06 1.6947679153584E-06 0.0427976539183676 0 0.133370131956293 0.21322173437866 0.0382707996196293 0.0609753964460089 5.51122742634312E-05 0 7.08119648004432E-15 5.98331429100229E-05 0.215405535521707 1.30750600728497E-06 0.000206095005633329 0 8.01497800134503E-07 0.00553417243247361 0.0507741461646932 0.00392932088372113 3.0977552186776E-06 0.0657883343670202 
0.402000133108656 0.835961711414224 0.820440721638817 0.357879031451151 0.048503762531685 0.00709449906447878 0.446124613294793 6.77061778392827E-22 0.256142372008314 7.70044110800049E-05 0.290944937596835 0 4.35435255615026E-08 0.00481349490920274 0.232501878470447 0.63287244475959 1.71856266788753E-15 0 0.132854819769869 1.70831081111067E-17 4.69855666402876E-41 2.87150956115338E-15 1.67242972339186E-22 0 1.71100793305755E-30 4.03806582581522E-11 5.88853343731977E-15 6.19592201291695E-08 0.25730341519565 0.681336969642646 
0.00136671119106789 0.00117791135743231 0.198594502910726 0.151294973390957 0.162566777597865 2.19472247160107E-05 0.160734347342286 0.011953963671737 0.000440090284697857 0.0196467754092533 0.178758414524832 0 0.0351951618442203 0.0823136586311091 0.293354820648048 0.168106460242097 1.05177369601041E-07 0 2.59677505612314E-08 7.72723772838131E-05 4.66270486990553E-08 1.0262313246835E-08 5.7584242812615E-07 0 0.421580779832072 6.96481195713588E-05 0.00377568439791534 0.00135545644467315 0.000407564052463713 0.178767480590766 
5.39299645825827E-06 3.89233846554968E-07 0.0450500612957056 0.0533680282023748 0.0102755723549593 1.02238223753773E-14 0.0527904957579009 1.30448570324209E-06 1.85930810561694E-06 2.93414760864845E-07 0.0318331801572141 0 0.630117580347829 0.16306684064946 0.058447554152926 0.03758267802388 2.34652709632235E-05 0 2.35444577669634E-17 7.55763310648592E-10 0.000268268363007475 4.05513775335418E-06 0.00251367896992042 0 3.57633327258853E-08 0.00513842335408531 0.00384050145336815 0.000722215347343206 1.34839016849155E-06 0.0492463878999803 
0.00274176929856961 0.00212193535505063 0.226576262751128 0.217578537988987 0.606530659712633 0.000298025143322991 0.196225906201528 0.00497475659156749 0.000668693958602084 0.0124339569732168 0.194932107832178 0 0.00263495593980396 0.0757500331383966 0.17989152461646 0.237248733938494 4.31488702715372E-08 0 6.85502513715685E-07 0.00253209515746265 4.30676590391852E-10 1.38702465869614E-09 4.89821648162794E-09 0 3.38781387987527E-05 2.24434799568138E-05 0.00225238858939823 0.00232912252863957 0.000789714058317789 0.231763485860497 
9.87712972727398E-07 4.83931042841345E-08 0.0281906949605864 0.0493176227852406 0.00456987606097178 3.52888698956981E-17 0.0386760211782575 1.8592808761128E-06 3.53885488067914E-07 3.29560771274865E-08 0.0175125637223192 0 0.191246959333157 0.252427149162259 0.0267101051886922 0.0262692267229981 0.000167571262500342 0 1.45985007558362E-19 1.04697641923935E-10 0.000107018127981095 1.76649193161611E-05 0.0514171628805808 0 5.95310440360326E-13 0.0209308817721029 0.000116587725265184 0.00532741986012605 2.43329438182617E-07 0.0398562225298029 
0.000778356348872376 0.00057851506206057 0.165019328273442 0.153902126016517 0.15494432401609 3.83674901988776E-06 0.143335677312646 0.0357242361169744 0.000255150814594634 0.00491920292345549 0.155208371573197 0 0.0370433190836576 0.0917902734066654 0.268140714296301 0.153388486115382 2.00624885703867E-07 0 5.43361427969603E-09 0.000211506315153321 2.54057841064111E-07 1.63747972391452E-08 1.63104088549606E-06 0 0.199217084648767 0.000160178883043366 0.00152502672418037 0.00255161539289168 0.000218382704358156 0.172619284734946 
0.473769955890034 0.773382638108784 0.85066831014607 0.347518228421418 0.0606441122377996 0.00951514091231631 0.472083464992227 2.36419828897658E-21 0.222132266066103 8.04380827284606E-05 0.373999247481905 0 2.63254119496253E-08 0.00505339815861774 0.156868056945324 0.697232264519081 2.56728622175658E-15 0 0.212824224451779 6.65724969855496E-17 1.52649568219371E-40 2.47889442377238E-15 4.96354570693238E-23 0 1.22216742900077E-31 3.10409246024821E-11 2.00369196770962E-14 2.60765922373791E-08 0.298782809511476 0.6878348756619 
0.000152782660446834 6.90337128353212E-05 0.108692736445539 0.12027352035642 0.0961748673919992 2.42632950599368E-08 0.104710598133642 0.14515442591722 4.66653572259311E-05 0.00214935172892421 0.102699514400074 0 0.0625102847347026 0.139959805519218 0.143549462997296 0.101632953329445 2.47360658402725E-06 0 2.43090563769E-11 4.43955723135582E-05 2.54432304654504E-05 1.53765490066399E-07 0.000118740564628218 0 0.00343302202407376 0.000766178637745009 0.00406407224413175 0.00747013283116941 4.25241764881876E-05 0.122284563274975 
0.460764231375883 0.669233775444357 0.849816164828927 0.405435416762025 0.0823630892421097 0.0596496157655505 0.540252686414262 3.63904578532385E-20 0.187768744475274 3.36299677280134E-05 0.295940724695483 0 1.93553160161882E-08 0.00655368414797245 0.116377601639198 0.765498304250773 7.37192230744521E-15 0 0.559010554745152 1.88569573921813E-14 1.15101286673901E-38 2.44017143908821E-15 3.17311943603694E-23 0 9.7129252401052E-31 6.54922756897381E-11 1.23813238412114E-13 9.99735053744114E-08 0.242716533491088 0.69461584659594 
0.00114995756609994 0.000603125346705785 0.182623514550469 0.152573043646969 0.15126203304232 2.05999189271012E-05 0.178095372508325 0.242280949469979 0.000255009050130036 0.0042155480575666 0.231364956263722 0 0.0112702387082262 0.105500829183533 0.117488078077248 0.197699927965783 3.79060659321549E-07 0 3.15377562331622E-08 0.00584252010288502 1.61733757354453E-06 1.01210810079891E-08 6.08824676954912E-08 0 0.000986492465521185 8.09202365869674E-05 0.00459738791456143 0.000402782120696304 0.000308625589172831 0.173049010060186 
0.250384805256445 0.289950845206236 0.725230609004956 0.43927552327516 0.140857863235757 0.272583970571256 0.54396060507855 9.0688891974835E-17 0.0816831756750785 3.80944978683225E-05 0.257597919998409 0 8.90469236951269E-08 0.0109742595838553 0.0949217903293476 0.74352342818556 1.55476137288609E-13 0 0.340766429200002 2.58718581726276E-10 4.09772775418999E-32 1.35534909164053E-14 9.92538784055493E-22 0 6.42904434849213E-26 6.44854630590861E-10 3.19958791032055E-11 7.8093206577275E-07 0.102747464792997 0.602011054485191 
1.06606655539259E-08 6.49803755118224E-11 0.00760420365978907 0.015756058510374 0.000164713645929025 5.89719036021733E-28 0.0125201046166914 5.94171003231041E-16 6.14067294212513E-09 1.10044510832188E-12 0.0049550056766627 0 0.166484947432004 0.210972415053174 0.0086506785195428 0.00670412606491736 0.000252106219761886 0 4.10610982613048E-28 1.43198140090835E-22 1.26401414721116E-12 0.000502067653142796 0.639910196549356 0 7.53157864271343E-29 0.019164735910816 6.70162017093408E-09 5.4246071031246E-05 3.809949523214E-09 0.013567509761372 
1.16183547187934E-07 1.66944356206464E-10 0.0151225668644322 0.0540559570751426 0.000600966052223009 7.90561141915969E-21 0.0657347805837723 1.06052771733942E-15 1.56577316417128E-08 4.00346001414406E-17 0.0025545860340418 0 3.78687046006187E-05 0.45276657984203 0.000206097110803181 0.0293818000650766 0.00146578005867444 0 4.59846789905315E-22 4.51258691105373E-08 6.35021814356708E-09 6.8269747807536E-07 1.13500043110167E-11 0 3.12497518750914E-37 0.00408494310966383 3.14896195396992E-05 9.27981253840046E-05 1.55312024000114E-08 0.0193988739119474 
8.63235325175447E-15 3.4311340644224E-21 0.000171758363791465 0.00235547257994423 5.92888445311012E-09 1.23665231879208E-54 0.00230159661497549 2.5022938721821E-47 3.59493558847516E-15 3.88509920685125E-37 3.25477530808813E-06 0 6.84568620320518E-06 0.62306893444327 5.4075331255501E-07 0.00026615961514576 0.24447358128695 0 6.57398233869132E-51 9.85172822084922E-39 3.71270066738602E-26 0.014572748067311 3.59745267880936E-10 0 1.33811992832683E-89 0.312809331160983 4.10401762969395E-16 3.2365697592111E-08 1.20623013584889E-15 0.00047545648508541 
6.17214559889639E-06 6.08483713707957E-07 0.0465566458259694 0.0580051170331725 0.0136286399360618 3.29798639791115E-14 0.0558983611661054 1.68469767194689E-05 2.28973772237838E-06 1.46715164711569E-06 0.0342951406248037 0 0.498420975969682 0.184216465950203 0.0688664384372751 0.0403074961038578 3.25356876925488E-05 0 7.14287440617313E-17 3.84510840452396E-09 0.000216228079760114 4.88981182428246E-06 0.00810059165554012 0 3.44241647520323E-07 0.00585810884607067 0.0039218839356854 0.00201061309214634 1.59675521009806E-06 0.0521275519927285 
0.533690306097232 0.669545688497217 0.84397455525351 0.490102603320839 0.0740305719155088 0.00418367670113186 0.504847775547 3.55573031113831E-25 0.265374522220198 1.3367746733783E-06 0.169971148590639 0 1.150222028942E-09 0.00394881030204584 0.101885013544151 0.747693566656231 3.06990307540473E-16 0 0.357751321313256 5.2820606146122E-18 4.92612937178169E-46 1.96762709172283E-16 1.11595983615083E-25 0 1.20894792108876E-38 8.49630137929083E-12 1.82800630583784E-16 9.02490298799808E-08 0.319716740568245 0.81904203570669 
0.506584470625786 0.511564425875124 0.868386773428809 0.407696886222361 0.0428456324041604 0.0213203394955837 0.602860509313039 5.91480464822266E-23 0.205628560948774 2.1441802416464E-06 0.270339075929023 0 3.60547016973375E-09 0.00543654087459173 0.0643051720724908 0.83357285884672 2.37719689295772E-15 0 0.582049784989096 1.41463071912748E-15 2.17818438231439E-41 6.51231640335888E-16 1.73623715943653E-25 0 8.79419828468689E-36 1.69372538575826E-11 1.03392974550077E-14 1.36366849793758E-08 0.273309387637591 0.671212664956298 
1.49931768990697E-08 3.08383459787605E-11 0.00868322123097012 0.0337476654750342 0.000427462805491509 5.15223910911151E-24 0.0307650952889766 3.98725059516291E-13 3.29926431918899E-09 9.11334253030558E-16 0.00193150304051919 0 0.00268112287941673 0.606530659712633 0.000657154634152006 0.0133737813637963 0.0139327760948156 0 1.63351811324292E-25 3.59973462946243E-11 3.1605686704901E-06 5.8963971528483E-05 1.39997917996738E-05 0 2.93376046729688E-31 0.0928263423015253 1.78760831833688E-05 0.00152997594317955 2.37154471028574E-09 0.0141448862615679 
0.00112022958285384 0.000174234349329806 0.183403873119166 0.198090038201246 0.0956727143311483 6.31482597376623E-06 0.256426265495432 5.29345259308604E-07 0.000185104952480882 1.97161760338964E-07 0.0819380051261367 0 0.000199130245685556 0.0914774436998853 0.0250697130746216 0.231583034985606 8.76504338581122E-08 0 3.21116312971493E-08 0.0346427905389841 8.44033110648098E-11 3.430143369536E-10 3.20326576420345E-13 0 2.23879737629814E-13 2.17922373833099E-05 0.000863085628637118 0.000149559233574585 0.000206009287902318 0.169177263225042 
1.64984093320872E-18 1.46047234180679E-26 1.46016014729535E-05 0.00034639264128895 2.79335899899721E-12 3.63263047825548E-76 0.000232587102540643 1.56400736696901E-70 2.39344812425947E-18 9.08560175082648E-47 1.53617209708803E-07 0 1.06864198033759E-07 0.272710909899243 3.75566405133729E-08 1.81185557496148E-05 0.0142036939703913 0 2.33139972414186E-67 3.73990766133945E-66 2.25222272503912E-49 0.47893239704134 1.87471463957797E-10 0 2.5224927527488E-130 0.0313156306042249 3.95226987941934E-29 8.42571789011521E-12 5.55439287749827E-19 8.06648585456262E-05 
7.86489772839293E-13 1.20426805797288E-17 0.000576340544081762 0.00747702237441189 5.6735423118846E-07 1.51940888759038E-44 0.00394083792456493 7.63341367872969E-35 3.92929467735934E-13 7.06817503701264E-29 1.73362391810667E-05 0 0.000146551997382976 0.562695996586299 1.99962339159037E-05 0.000773502550102383 0.0514994369619393 0 9.56336010936797E-43 2.78742715335795E-30 5.47420310161017E-20 0.0037682934180825 5.46441944972612E-06 0 2.05785973449245E-66 0.814793980765185 2.01774117344083E-13 0.000120403165709076 1.2313591411973E-13 0.001846349103248 
0.000261669418492339 0.000139624022970184 0.12551023919224 0.107293697880186 0.0510748074671207 5.6471588386028E-08 0.113940038404705 0.0312927752874332 9.150650358684E-05 0.00266703805138674 0.152679143792401 0 0.110620097735922 0.112198436595543 0.189340444480064 0.11417121186825 9.01478374604747E-07 0 8.42375670997562E-11 7.41694377776997E-06 7.71225160102123E-06 1.07769809561644E-07 2.65274273558561E-05 0 0.0504270143545025 0.000318946385370424 0.0011144573508376 0.000735433545410757 7.93470536785574E-05 0.124173909103922 
2.15172904024744E-05 1.77484623307926E-06 0.0653986657943577 0.0863416542185199 0.0301420806768745 4.26088673055056E-11 0.0929280198028052 0.00182818576450723 4.33583951736736E-06 1.17609964247028E-06 0.0519444107992357 0 0.0683995239428287 0.220231289243034 0.0272076386330375 0.0724226258210039 5.91050847346946E-05 0 3.19439101165702E-14 0.000564285292861366 0.321629616127888 7.74526740761067E-07 1.85627261343399E-05 0 1.41187016296103E-07 0.00329408497316889 0.149975440959842 0.00137393912422513 4.33496822591402E-06 0.0664655334506466 
1.63523770183344E-09 4.15111715982783E-12 0.00422622648626753 0.007968526725106 8.90044933698901E-06 4.17815058557818E-36 0.0056426194182481 4.45468479038026E-29 2.13117176115615E-09 6.68092705280847E-16 0.00253010351590565 0 0.0043808632874207 0.0640141478846726 0.00610372298718215 0.00287888202330597 6.30998475691245E-07 0 4.08783354858446E-33 7.11531529195127E-38 6.40916130805186E-30 0.000100850697020092 0.0035518429177005 0 2.17220862738559E-49 0.00024627405623177 1.20832071119655E-16 1.65297149338998E-07 1.10065474635289E-09 0.0097933010957476 
0.131615464521268 0.354305842964684 0.633862409319617 0.318242865625504 0.199063067027857 0.134133185446053 0.365242467478235 1.64629186170466E-11 0.0543583536677548 0.0222845194231804 0.43057673371571 0 8.5299818052767E-06 0.0148035249912329 0.357672099029067 0.523800374989931 1.67733968802708E-12 0 0.0299877814017717 2.78385462754626E-10 9.69301984789739E-27 5.81047233513231E-13 2.60452597693292E-16 0 1.39643909618444E-15 9.49912287814616E-09 1.29026210020528E-09 6.17357978098523E-06 0.0623666388822586 0.542769097022233 
0.144122056206404 0.381973049341166 0.654820973315054 0.366009029206471 0.172032085899704 0.281237708869171 0.403915238393344 5.0971869754506E-13 0.06709177267815 0.00772642907724468 0.29962527901594 0 3.200722467302E-06 0.0141945343058168 0.302311292416546 0.548548246220209 8.73775709671871E-13 0 0.0592439672997144 2.80010943814643E-10 3.59709985820153E-28 2.45639268548718E-13 2.41596285690166E-17 0 1.97469565294395E-17 5.82593620754389E-09 4.07306481217551E-10 1.01725118059162E-05 0.0676596960997594 0.551206525492931 
0.00466833787529719 0.00642264609637984 0.267492074419816 0.16755544288785 0.235703037513008 0.000221213662368176 0.1819406593926 0.00161058601808948 0.00151176826728205 0.523580694220872 0.397369169424977 0 0.00648000169950451 0.0526559953799111 0.339283445668672 0.228095433860678 8.7556177574654E-09 0 1.08129350259541E-06 1.29937192443796E-06 7.99475974260382E-12 1.67347394212621E-09 2.06181117016476E-08 0 0.000303785311937937 6.03423686665382E-06 0.000172262052227538 0.0001618316385409 0.00184092972718548 0.239951795959858 
0.0437929214552971 0.0692317770181321 0.487666242925534 0.33509738193291 0.317936440875335 0.437284457382383 0.363094123652491 1.04158417751811E-07 0.0129117881702638 0.0112133256436865 0.282700711522966 0 4.90411230179763E-05 0.0314789440600404 0.195382661381724 0.466179394126769 1.28030446331462E-10 0 0.0051539833695873 3.91615273125693E-05 2.79898975807937E-18 6.05420293005957E-12 1.65114408195306E-14 0 9.43185159377706E-11 2.14893474913358E-07 2.42305056052619E-06 0.000100654439845305 0.0147436214242815 0.408994123606272 
0.00286286198859212 0.00453085406608432 0.231466641841543 0.175293416598397 0.19275604722764 6.24298007730377E-05 0.16364134565751 0.00437169532727272 0.00108628822176905 0.258480277692442 0.273527831464915 0 0.00714849368907374 0.0614071200190521 0.391005938095676 0.203679222602214 1.46672336582014E-08 0 3.08458722992265E-07 1.40166192214614E-06 3.91052363263582E-12 2.86275021460452E-09 1.34745445423344E-07 0 0.000807028057593969 1.37920970438844E-05 2.97451015812672E-05 0.000829759058177845 0.00111803950468032 0.234741759114163 
2.64852006380382E-08 1.27973898064797E-10 0.0102898073159512 0.0324741685818456 0.000581327516867607 4.09341595717129E-23 0.0265372341182504 3.27952729117964E-11 7.92673374221817E-09 7.90781006125857E-14 0.00322798035163788 0 0.0434156590963393 0.45791601794972 0.00268747939766859 0.0126286882874071 0.00539960806175895 0 5.69358617745922E-25 7.14898966968283E-12 0.000178006499748071 0.00011602539347253 0.00276605450443635 0 5.27021828089304E-24 0.166097549112375 2.97399402927962E-05 0.00250534657814724 4.73172661906833E-09 0.0170401486590803 
0.126165271229262 0.279921517445414 0.608489614202745 0.399698833382381 0.276592716470399 0.152514304787754 0.380123944087169 3.06932834494466E-12 0.0489120124077168 0.0032336800350474 0.289566169835524 0 1.94942761200911E-06 0.0150796976902821 0.26083939016689 0.554894519361837 1.16158660695718E-12 0 0.0445929701637017 1.24346895075883E-09 4.65339599720788E-28 2.14297401801216E-13 2.8241752156902E-17 0 2.86813909603874E-18 9.21092683278631E-09 2.39644317504089E-10 2.32375072486106E-05 0.054066444375741 0.606530659712633 
5.04803242785646E-05 4.24865351561436E-06 0.0754293758770106 0.083074221215558 0.0568903681965288 4.44512746023982E-11 0.10960426945451 0.00270192831218392 8.03336967021195E-06 3.31811063913908E-06 0.110970182595651 0 0.0103739030240668 0.181468709629653 0.0244807292996342 0.0988872202821282 1.6810824394297E-05 0 3.125248298397E-13 7.52972500689234E-05 1.38129192805977E-05 2.19967698686704E-07 5.31754775583687E-07 0 3.09601687507987E-11 0.000549981807567531 0.0180726383570631 0.000108803059560842 1.21726964984431E-05 0.0806100380192381 
6.55648278882966E-17 2.96655061858296E-25 4.02666272659296E-05 0.00187596810518519 7.44863413244419E-11 2.77763875058168E-65 0.00161699131036695 3.27296042862185E-64 1.59149304650999E-17 8.49433722395071E-49 1.67559028349663E-07 0 3.15084405403199E-11 0.826704305698934 1.34892956990148E-09 0.00013470007183711 0.371228179061623 0 2.41361899114012E-58 5.98728604604601E-46 9.44017267820706E-41 0.000636854567658503 4.13547804971976E-20 0 5.65051811486019E-132 0.0163135841137229 1.56467194565058E-23 2.62754950724036E-10 7.38026957961583E-18 0.000170892621127828 
6.76270345515582E-07 2.25297702759661E-08 0.0248131915532189 0.0433055341907155 0.00413137470910389 7.95401173633192E-18 0.0364942363891514 1.13945129433793E-06 2.13506071482477E-07 1.89083620203698E-08 0.0198099382309778 0 0.330219129045257 0.262792936759918 0.0203761614265903 0.0249360814273462 0.000374571519280857 0 3.58519571152369E-20 1.42002632446107E-10 0.00684846876112535 3.60617762435381E-05 0.044209368084141 0 3.00874978773325E-13 0.0206364374371294 0.000747057934758724 0.00131564077798359 1.69473554900272E-07 0.0330696868098206 
0.0436636365906592 0.0555286025981361 0.481766595763739 0.290177745545217 0.215678053594832 0.176113429953477 0.382124478532435 1.50843212084571E-07 0.0118467164023915 0.00422875908254157 0.364220424376275 0 5.09892273365379E-05 0.0325999222833656 0.160270735292097 0.493337504699693 1.65762823115316E-10 0 0.00379163905595291 3.66661342572784E-05 2.10471882904432E-18 7.21281652726151E-12 6.39162396435507E-15 0 2.88784453414104E-11 1.81648382006841E-07 1.70977128209371E-06 1.79847074522053E-05 0.0144380483929703 0.384100426241158 
0.39798018082379 0.63421468113353 0.822123003153261 0.476422763053583 0.0778998041670934 0.0750203282700907 0.550197457644595 6.20754570232763E-21 0.191711768847422 1.18756932622515E-05 0.183920984631078 0 9.80512295348848E-09 0.00674790321763627 0.111495705065983 0.743421287867067 5.33755419774583E-15 0 0.572942620454341 2.5126099099071E-14 8.91925734119754E-40 1.47510374251265E-15 1.41733584776216E-23 0 9.50456275707622E-32 7.6566034246292E-11 2.70417353247336E-14 4.55502586834066E-07 0.202743500637929 0.72234814581666 
1.55684606377195E-08 4.89414134344512E-11 0.00869147529108254 0.0213839831263769 0.000310522036611352 4.05763766388773E-25 0.0219371885675899 8.82731791448403E-12 4.16933266848951E-09 6.1851133476255E-14 0.0052239801991294 0 0.0680894627342749 0.431219430307427 0.00209918300107867 0.0108347301102183 0.00766509600536454 0 2.41159353343831E-26 2.49106237633329E-14 3.00949868737358E-05 0.000351023547917107 0.00766813450905026 0 1.89397961654562E-26 0.101697135970577 1.2947775607239E-05 0.000105558946181659 3.21530213871256E-09 0.0137037861204572 
0.0267435256078417 0.0535032332598761 0.431327549467109 0.280508893422748 0.238504000021448 0.0826142529465275 0.313969857471114 1.80435798845312E-06 0.00984306029269525 0.0195146276795849 0.260293003787778 0 0.000245005999966212 0.0362476206342177 0.317388212266377 0.379630355751069 2.65896373818241E-10 0 0.000755735430177137 1.23531033552411E-05 1.8644124997197E-17 2.52519926463811E-11 1.2725740856027E-12 0 1.7218632813456E-07 6.60042583016384E-07 2.08728390772848E-06 0.000207071289422457 0.00894337781827638 0.373073295134476 
7.21635730988354E-07 2.81478144099986E-08 0.0258873979219162 0.0496789026118493 0.00497257285634159 1.7774037309462E-17 0.0374786478720887 5.21737450872969E-07 2.53813738181497E-07 1.02391467652275E-08 0.0140620360388118 0 0.254968093894963 0.258041472377617 0.0239375116955901 0.0242125680858785 0.000234949564221313 0 5.45834065330307E-20 2.81353312403273E-10 0.00151399198498894 2.13565814513142E-05 0.0453408793598932 0 8.69141699072095E-13 0.0293173394030317 0.000479586164752614 0.00695418256775477 1.65711490369471E-07 0.0365377691704585 
8.92230486676478E-05 1.12446791920378E-05 0.0932747554950254 0.139831516847568 0.0757820242149583 1.82679104130416E-08 0.142992235839024 0.00245781143784265 1.66375374710661E-05 2.1148072119582E-06 0.0524958642594986 0 0.00592539346875413 0.202030272346372 0.0267066110673995 0.119891948580673 1.33642242792314E-05 0 1.45714666141175E-11 0.141635409238024 0.000925349385347982 5.97360259119818E-08 7.68275568428252E-08 0 1.08453722579928E-08 0.000880055896339522 0.0610734366630378 0.00402352386943074 1.73019282934297E-05 0.0961518438108394 
0.0962318483042891 0.193015951297626 0.606530659712633 0.315538784494599 0.238156734297459 0.402473054563444 0.391800930718729 6.68292263476582E-10 0.0317740902953125 0.0140720642022059 0.386211628999216 0 1.89713099049015E-05 0.020583531872632 0.251066950576143 0.51877428682406 1.16216520017992E-11 0 0.0220976031281981 9.22353627453139E-08 1.03097872391633E-22 1.45559187910533E-12 8.95868737770537E-16 0 3.1557697033521E-13 3.22793383210407E-08 1.00443255699474E-07 1.33318718023974E-05 0.0375410706466275 0.474256888384732 
0.181314990538067 0.307554229669482 0.68553852225992 0.395203495524915 0.226121967173713 0.612917508342223 0.475468085309966 3.2577987335935E-13 0.060248715698499 0.00129879269342162 0.33155407714211 0 8.0364661069788E-07 0.0150098191782123 0.151036150903232 0.66592252323135 1.07990228579937E-12 0 0.180989705649567 5.2287200994467E-09 3.06105787889473E-28 1.03920519626872E-13 6.01854071918879E-19 0 2.72243306212817E-20 3.54160215082426E-09 8.88426171197287E-10 3.95124054758878E-06 0.0758877133131674 0.567155378396106 
0.00617792037104228 0.00653783894508098 0.284358295058596 0.151870974041101 0.173093895367411 0.00012406427429888 0.199706067669442 0.000501600934539339 0.00166153401178408 0.143657748280717 0.606530659712633 0 0.00284736359620012 0.0477850101278397 0.233879764657467 0.263530799895462 6.03665769723478E-09 0 1.83546231930398E-06 6.5836007781517E-07 7.30871202817002E-13 9.45014893600243E-10 1.24744870259428E-09 0 1.29067712045481E-06 2.58390405695693E-06 6.46209385970816E-05 1.49678335646701E-05 0.00242580826453842 0.243308277429895 
1.04144638073321E-08 6.79353915678657E-11 0.0077650869098988 0.0177892582237643 0.000182570957878598 3.53419145911748E-27 0.0140516172935621 1.63167598314327E-14 5.38512461646145E-09 1.1798456645739E-12 0.00472324911998722 0 0.122850459279188 0.263063383828416 0.0065306237784691 0.00708396866778391 0.000673772422162098 0 1.04412515953716E-27 1.80881853981108E-20 1.79162244655851E-10 0.000544576285819276 0.703312193819763 0 8.10554607922435E-28 0.0390963921145577 4.1706641707495E-08 0.000166909780325156 3.28587787169748E-09 0.0139282447356915 
0.00289198731140926 0.00457663284071896 0.232524355048137 0.166283276991573 0.161990190795145 2.56281332865773E-05 0.153393090744089 0.000201008521403408 0.00130737753531791 0.104956906327242 0.231590947410652 0 0.0147194928987651 0.050004317294535 0.606530659712633 0.183618407612262 5.81967787342044E-09 0 1.46994444000792E-07 9.70397615243395E-08 5.1836426895499E-13 2.4267788356069E-09 1.62400269146386E-07 0 0.00668243856627464 1.27336629777596E-05 1.73514273573293E-05 0.000697196338620498 0.00111393566383201 0.232475020464461 
0.086720214229601 0.051820714883715 0.576741898887461 0.400918787649027 0.0887777808071226 0.0662788179178333 0.606530659712633 5.37066797893234E-16 0.0231082532610089 1.09375087484674E-06 0.146127821264361 0 8.46638802466052E-08 0.0191866588784307 0.0365844431873018 0.649214585469481 2.5441039209204E-12 0 0.0260454792414223 1.06864213750257E-07 5.91427285913048E-29 4.25070533153971E-14 9.70138922476989E-22 0 2.84297467219997E-26 3.64212560085397E-09 1.37836175767987E-09 1.89304079167749E-06 0.0271028583710196 0.438394701114942 
9.74513926448891E-05 3.63826062360196E-05 0.0964706768421127 0.107797479149961 0.0652672178000604 4.11369042071757E-09 0.0975034656667073 0.0814231128333521 2.98251333877651E-05 0.00108302562037039 0.0898363826318697 0 0.0660464666496047 0.15549791012441 0.117036234824225 0.0913142191172594 4.37212975574957E-06 0 4.70987783368205E-12 1.33508442483596E-05 2.61080384070352E-05 2.75420913844263E-07 0.000241477314180725 0 0.000356899734912696 0.000957965464728437 0.00268173118686896 0.00612392645498517 2.73895178306512E-05 0.10774591562669 
2.55813721899318E-06 7.32108770283505E-08 0.0366860518477071 0.0554482445862033 0.00739326109094513 4.45560290757656E-15 0.0658090249937256 1.30955838453562E-05 4.9620231989782E-07 1.59468453962327E-08 0.0335672461523249 0 0.0474377625082023 0.291269459907845 0.00917962343072569 0.0440975496588668 0.000457181958617882 0 1.18662804883695E-17 1.98567157972452E-06 0.160347406295524 5.56867334119042E-06 5.6626585142157E-05 0 6.34284877834611E-14 0.00730109044338749 0.047315118402425 0.000292186162691344 5.35281915409181E-07 0.0388502056574647 
0.000114644174966954 2.11049929983806E-05 0.105585076822796 0.116798879822194 0.084044089437522 1.88108742148412E-08 0.126786151902457 0.00157891952935999 2.50744013070034E-05 2.47359145069873E-05 0.0683167316922124 0 0.0366229968004729 0.156631752689492 0.0572456984649839 0.102228716378302 6.15410831378033E-06 0 1.02476169490906E-11 0.00219361663824625 0.00195782969148366 1.00258251759819E-07 1.58865274341682E-06 0 3.32150627536672E-05 0.000805277642092783 0.411287937126554 0.00280740598254335 2.41910199022777E-05 0.0962744461198615 
0.660868136238145 0.842041863136149 0.898489538751023 0.447816899993326 0.0348326292391352 0.00264947344302758 0.538199810382228 7.15154106727427E-27 0.376538770545079 1.04017831127968E-06 0.210358536124287 0 6.18593043893687E-10 0.00324118484277384 0.0883352967803923 0.789141985847214 1.08195620138702E-16 0 0.485941249013455 1.71644506448488E-19 6.37082452806767E-48 1.07465570109632E-16 8.74868033845906E-27 0 5.8821347909454E-41 2.57584768464477E-12 2.01723033893101E-17 1.06589750677405E-08 0.452955387419686 0.792484383070484 
0.000343128473079558 0.000159832433505181 0.136319290446579 0.129506382082642 0.135175828558463 5.18705170811308E-07 0.129532560804751 0.126773599380491 8.91290909511088E-05 0.00305163648035251 0.133402096436704 0 0.0597485978769745 0.123923278368756 0.149614499877286 0.12658715581884 1.43060217133406E-06 0 3.73558416020278E-10 0.000660715023231742 0.000130005297967286 6.45532536805522E-08 9.90177446341741E-06 0 0.0792088131688481 0.00038493847478162 0.0382681828949048 0.00288697692621922 9.03224656517831E-05 0.133524419497027 
1.53691327636349E-14 2.20474607895342E-20 0.000191814469955758 0.00304190264638163 1.59256631196256E-08 3.7416173809603E-53 0.00196550438347387 1.55970392383057E-42 7.19959581679906E-15 1.41698746021886E-33 6.5722712421228E-06 0 5.24823807604293E-06 0.726973731944069 1.15697636599375E-06 0.000310389986410655 0.321647984958574 0 1.63480606314219E-49 2.20325311409881E-38 3.7503585715837E-26 0.0285370642868692 1.74842611201415E-07 0 7.03379951650552E-87 0.412574277302598 2.16230683621579E-17 7.63121836908806E-07 2.97087532912787E-15 0.000703980344071563 
3.79248750084867E-17 2.82353526100928E-24 3.55340430367415E-05 0.000681883672691406 3.33049151259188E-11 2.0591403286754E-68 0.000449993096136909 1.58619083954E-60 4.50417017199541E-17 2.82958872664212E-41 8.09189345360366E-07 0 3.65341500205314E-07 0.373832622349998 1.44428874353332E-07 4.67777371859971E-05 0.0374768565415898 0 3.37177527234095E-61 1.10234383410054E-57 8.60370669835919E-42 0.28465035544687 1.04862967987609E-08 0 1.55293284159438E-115 0.0537776602392384 6.25727902822787E-26 3.13386658456738E-10 1.25142866924729E-17 0.00017170523381154 
0.0136590233116698 0.0224925694051206 0.337142571298676 0.165925179905285 0.161287669397646 9.76677460640716E-05 0.194480870801348 1.09739737331876E-07 0.00533301963021103 0.437278581788763 0.617364820985478 0 0.000766944690798194 0.0257055750181194 0.42944152840823 0.280768209362678 1.68850837088716E-10 0 8.24545436006083E-06 7.1850650409191E-11 2.61161800991002E-19 1.35674618407895E-10 5.20313419105918E-11 0 2.4071533291812E-10 2.08338304969411E-07 2.69518097861174E-07 4.79740205259958E-06 0.00731067658232992 0.296806134732438 
1.89582848474799E-05 3.8145970653445E-06 0.0623475568255545 0.0625564706552896 0.016665669488818 9.49622059819686E-13 0.0638905458994903 0.000162104390871856 7.79109513638988E-06 5.39588172817179E-05 0.0656066100324175 0 0.456037952470121 0.143192186592557 0.126913068603501 0.0513749279880276 7.20207226306031E-06 0 2.76755749171743E-15 1.85530891185385E-09 1.05710648146611E-05 2.11481473620098E-06 0.00620004355127935 0 2.16978828740196E-05 0.0019666236634711 0.00097867541303668 0.000869473081097371 5.8408966993368E-06 0.0676433387852033 
0.000114338698785742 3.0421975252706E-05 0.104308632882929 0.095337789271196 0.0367907875434766 8.8658097330164E-09 0.114613529921206 0.0333966080413363 3.01142319256917E-05 0.000281279041566839 0.109219743047078 0 0.088185068754257 0.156609629890892 0.0769911786356295 0.0989146317911259 6.22539811361267E-06 0 7.00175561549389E-12 8.3761481076536E-05 0.00148158435177322 2.51628952270184E-07 1.97311074280501E-05 0 0.000588262958638862 0.000724507684186693 0.0250278211874368 0.000693783649771859 2.92946937999497E-05 0.0951737394555844 
0.00408012743177328 0.00845046448400911 0.26199916976916 0.167195371046858 0.090240712593216 2.86626908666506E-05 0.157238510221847 2.61632945350644E-06 0.00225770435944124 0.185607748572166 0.244211970232362 0 0.00606416976534848 0.0384732783932991 0.611807440945837 0.185750026408245 1.16432480341495E-09 0 3.0688856319584E-07 7.80244374304675E-10 9.70245222896629E-16 9.47313919606259E-10 2.22521265398652E-08 0 2.17787362460683E-05 3.3821252205065E-06 9.2795580407851E-07 0.000270870750577554 0.00181478928190594 0.248766553453307 
1.77065128562746E-16 1.95953864670076E-23 5.3513885836034E-05 0.000733768538133414 1.08936239943744E-10 1.54206347294932E-65 0.000642184128779851 1.92427408767009E-56 1.37671207220163E-16 2.96574023802669E-39 2.72356752355587E-06 0 7.42022548123906E-07 0.393833716438752 1.78474187541796E-07 7.967476764517E-05 0.0662838060265318 0 1.23182201316088E-58 3.01345167540837E-54 1.87006220322327E-38 0.233067581656675 6.03818944239882E-09 0 1.36806084272958E-110 0.0301746767691062 1.02173528709061E-23 5.26893386014562E-11 5.90224208779879E-17 0.000212507307226795 
1.52944894596247E-14 2.43552605313601E-20 0.000190283426518716 0.001578829717396 2.94555533779022E-09 4.71097518429674E-55 0.00159910536692604 2.33160208072005E-44 1.00931714978645E-14 9.50754972943873E-33 1.79398411875464E-05 0 5.00035647213366E-05 0.445319388399813 2.26564729467233E-06 0.00025539209432635 0.0773334398803612 0 1.21350150469559E-50 2.24944441913518E-43 1.54514796059666E-27 0.0995219200073564 1.05422601367248E-06 0 4.43349267472859E-86 0.0882449551423178 2.10281507399204E-18 1.91141245320637E-09 4.26623613823455E-15 0.000548336669323998 
4.87763439023493E-05 1.08957917789607E-05 0.0773613165321983 0.184880449419334 0.0699586101336927 1.35121133622929E-10 0.0962037812044083 7.61656721680558E-09 2.06082618427855E-05 2.33782735641041E-07 0.012881611170355 0 0.000665172547957656 0.12546097199906 0.0583986491630728 0.0787617850229468 3.39089190401203E-07 0 7.41786663428526E-13 2.70608249049159E-07 1.37219128722193E-13 1.03907776698371E-08 8.0885549292559E-08 0 6.5615585203032E-15 0.00037312219165227 2.38887200313452E-06 0.349656569152669 1.18385531294397E-05 0.119538807544478 
0.18448669650297 0.382700655092091 0.69106918513912 0.4455838421978 0.173694612570107 0.404743455504436 0.467642032368388 6.99365252729202E-15 0.0797065808970492 0.000380067225327197 0.226802185673869 0 4.12437108791403E-07 0.0127890513837918 0.187601860435685 0.635642389050954 3.23720062139617E-13 0 0.180120919063621 5.08573115989265E-10 1.06774698716829E-30 4.54630173987428E-14 1.88665026354058E-19 0 1.62710014219824E-21 2.61443064950843E-09 4.96113061401672E-11 1.00951682382313E-05 0.0792530349206607 0.614888521688525 
0.0302729376791241 0.0207705920401391 0.409002592109107 0.606530659712633 0.185007978829425 0.00602495653896905 0.409638815731646 3.97837233261231E-17 0.0115889576477391 3.36842710301704E-07 0.0486950120268135 0 4.93399008804326E-08 0.0197452637913037 0.0512564639979303 0.491565449402713 2.11327050546264E-12 0 0.00202397872454587 3.64769246845911E-08 3.91263191273038E-30 4.29819704864499E-14 1.51159129518375E-20 0 5.94090965582362E-28 1.28124928799582E-08 3.11119999029768E-11 0.000343801419017057 0.0095732349197542 0.480060465293628 
0.0797193636205251 0.0990841229052681 0.546554342621111 0.360451412114274 0.294355347257532 0.359452881767934 0.437062797620562 6.07430418248218E-10 0.0212278148659391 0.00137465344834783 0.332806920711888 0 4.37346729373015E-06 0.024873888984093 0.123445117761189 0.606530659712633 2.38799193350004E-11 0 0.0284215546788707 4.41378177753192E-06 8.8952544766877E-23 8.96408648956653E-13 3.99887200855732E-17 0 2.27085095514954E-16 3.12691663433751E-08 6.78447635323371E-08 1.2004924594031E-05 0.028464329812991 0.461640411638067 
0.0396659528091789 0.0435784191104566 0.467603293949372 0.352349161903567 0.41454242493775 0.307507569104279 0.394882791803366 2.07277555219454E-08 0.0100412566788844 0.00189827227648812 0.238837833574312 0 1.6511791369813E-05 0.0345885798581903 0.117386482815703 0.504469257319861 1.72797235015521E-10 0 0.00509382043772989 0.00016806258595932 4.81265830358145E-19 3.94532403496808E-12 1.49439564841933E-15 0 2.13502833387174E-13 1.58975672325818E-07 3.39382900282145E-06 9.08218962129302E-05 0.0125757969419199 0.390634332615283 
1.73901187163037E-05 3.47521060990849E-06 0.0580902205411586 0.0551505707744761 0.00862340771039634 9.76664572019298E-14 0.0564459415316594 4.10194953845936E-05 7.28057243126356E-06 0.00010108110631047 0.102142936210563 0 0.21477782473853 0.125365856332213 0.102490270272482 0.0523347174774314 4.37274726850766E-06 0 1.33357380967389E-15 1.5403276230204E-11 1.49217689147081E-07 2.2308033932972E-06 0.00282880036806188 0 7.3671295751321E-09 0.000661754967835262 2.12696777657498E-05 9.60488997559769E-05 6.68637152701154E-06 0.0664300777421878 
0.000968015722786636 0.000660780970083099 0.172302216689101 0.158702757443763 0.175014371000093 1.1658601704761E-05 0.157668905172003 0.481668120367808 0.00024868090194541 0.00889994913537042 0.193800279695384 0 0.0146113457817174 0.106120923418754 0.168955640123274 0.177730541171175 3.3871432099126E-07 0 1.75335501624054E-08 0.00168744454321631 4.53963252187673E-07 1.36914986280472E-08 5.19316168238035E-07 0 0.00734140966525261 0.000120043375103085 0.00161038556594198 0.00171387315183588 0.000270519592197976 0.181104164471179 
0.000363380643956032 0.000125423804449442 0.1365037939013 0.174848228159747 0.186635695273333 2.52872553723267E-06 0.162356125739363 0.028243484078645 8.37214229542203E-05 0.000168883073165059 0.0837930183126667 0 0.00688823390080985 0.149217188460197 0.0741055003213482 0.156071894039722 1.81252281094199E-06 0 1.73348488228229E-09 0.114743392835208 1.48029856686073E-05 1.80883802662118E-08 1.30703870570095E-07 0 3.69808538230851E-05 0.000343075682736777 0.0216798169615325 0.0105090683199974 8.16437963741342E-05 0.141845541968274 
0.0009326725997895 0.000284069807531761 0.171624698501137 0.239357579880229 0.204471691638563 4.56325328556576E-05 0.225568324619752 0.00023568483619767 0.000188922476237172 2.39599678768391E-05 0.0817065102098664 0 0.000408139640984387 0.118958623064748 0.0427670450663411 0.226097683831809 3.00355293049056E-07 0 7.29505477473384E-08 0.595842871241878 1.32051423341163E-08 1.27510656376574E-09 7.25587740287782E-11 0 5.7358242924328E-10 5.38058220246917E-05 0.00222576923824835 0.00380726753082111 0.000200764524099639 0.175864976507127 
0.293719160518362 0.522594841534734 0.776456623620672 0.365924988617747 0.133058839263043 0.105353699582791 0.444099351370522 6.94463391711496E-17 0.118298623774459 0.000430273624806459 0.355836486614141 0 4.21007172817297E-07 0.00833388657778224 0.213107287390954 0.638263627399667 5.81133374216563E-14 0 0.16044829973996 9.86008106085168E-13 6.79772234515503E-33 2.2692413825937E-14 2.65959347529121E-20 0 1.87495591821479E-23 5.56775972883977E-10 1.70813180477899E-11 5.05135059536153E-07 0.142607185587022 0.62909696175414 
0.706932097493772 0.688970500612336 0.920290587715277 0.504747200650528 0.0123678074938988 0.000250569588699977 0.580150758994937 1.6631162734211E-32 0.528359607883306 6.10463032839887E-09 0.102947375911997 0 3.05577611824974E-11 0.00215061526937745 0.0541592866005862 0.767623363345875 5.58588349327231E-18 0 0.290295065050148 1.16302237172326E-22 6.88415027349342E-55 7.73345082922859E-18 6.32543153232636E-30 0 3.58649422145884E-49 3.63553091583598E-13 2.48130376799284E-20 4.52649361449855E-09 0.485444690555982 0.849315982596669 
3.83644008790501E-05 2.73732337614304E-06 0.0744554349629248 0.0825743114075542 0.0604297968392555 4.52206070054372E-11 0.103859191000223 0.000286700625397086 5.9903964670749E-06 3.0494695482265E-06 0.0902227388917841 0 0.0176608761006906 0.178258609892752 0.0206815590119061 0.0876583973273945 2.43451642223274E-05 0 1.22203728561513E-13 8.26220611371917E-05 0.000844973749523879 2.8577529220556E-07 6.98363295691185E-07 0 4.70936084348031E-11 0.000665513884610455 0.329052401055394 0.000165119560709802 9.02285792810586E-06 0.0709750128549953 
1.92377544839263E-07 2.32813049995838E-09 0.0174191489113613 0.096598227694676 0.00252513601539881 2.30602224156311E-19 0.0426214176139859 2.73527809307317E-15 8.33792381641283E-08 2.65768764523607E-14 0.00109646636989592 0 0.000401126168198578 0.268419769195808 0.00393843381936065 0.0212560280221286 4.45979002493382E-05 0 3.12059544438614E-21 1.36849369147703E-10 1.07142323221685E-11 4.51641842947096E-07 1.97221371248906E-07 0 3.09597730753858E-28 0.0140415307684906 1.73734133468828E-07 0.387052025261741 3.15436178100412E-08 0.0348306534547944 
1.82400766772661E-05 2.03865275447684E-06 0.0615497974120437 0.0712113543379462 0.0249714016912275 7.1849435935681E-12 0.0778006126665495 0.00746519538506466 4.38893788767086E-06 1.03654561473251E-05 0.0723646035955112 0 0.177952306050752 0.204045390535491 0.0450753275892886 0.063566242610186 5.18877141863509E-05 0 9.30750235671542E-15 9.78266289744692E-06 0.080405225847418 2.01373500994994E-06 0.000511971542866206 0 2.26732891703814E-06 0.00331505814462398 0.0443152244215835 0.000790971872304503 4.40746986034828E-06 0.0644794633424088 
0.000308847288867451 0.00013399350115975 0.130503129237377 0.16570937756231 0.152308298426466 9.29422867339573E-07 0.145167404730143 0.0315373876897648 8.57390018865955E-05 0.000224345733624728 0.0755185032872911 0 0.011392936241769 0.141664890434986 0.103820912790284 0.137649027575952 1.25619510209713E-06 0 6.88471010705211E-10 0.0102671751031302 2.20326926186551E-06 2.34682896779461E-08 6.84455146432067E-07 0 0.000267732368410386 0.00046322195837257 0.00418539290229595 0.0178149353637483 7.32583524002925E-05 0.145646768523143 
0.0849602252043105 0.186074530614925 0.554845603753449 0.469687556333496 0.213923105502772 0.0741466007532993 0.375258695058379 2.20341555803059E-14 0.0435591291820703 0.000360805876199657 0.140132197463499 0 8.49307016750924E-07 0.0148973874706828 0.241826543250653 0.499874442205945 7.16630392305937E-13 0 0.0185628209535351 5.49544062417443E-10 9.32465655923179E-30 1.18374850546252E-13 6.54471105579593E-18 0 3.13248040801893E-20 9.97587344970104E-09 4.26853804800693E-11 0.000128309941248496 0.0357250297197246 0.581265081220327 
0.00242145855587424 0.00147853907684893 0.222013995694899 0.41293714887701 0.089850593056084 7.61015369002441E-06 0.233688496836853 3.92504127013348E-15 0.00132229238261674 1.45043890997261E-07 0.0185428968299386 0 1.63183335656505E-06 0.0362517098964696 0.0703659988443737 0.213264282477284 7.91151986150116E-11 0 3.65291340568752E-07 9.6203879705139E-09 1.84573148379348E-25 2.81409262995275E-12 1.13143097665182E-15 0 1.07927998145368E-22 8.21472937439369E-07 3.53458055426041E-10 0.0215025626428177 0.000688097343725443 0.301562017700055 
0.0205809211222077 0.0180974618562379 0.40462948528205 0.354538664181971 0.246506750858379 0.0777035522655092 0.352744973330552 7.33500242861448E-09 0.00568452553691001 0.000140216174911483 0.134189407836751 0 4.07742948535377E-05 0.0368829739185883 0.117494615010013 0.398707022808882 2.80189625828289E-10 0 0.00054483611649928 0.000334011217770531 3.27881189536772E-17 6.0035965677488E-12 4.65591125770902E-15 0 4.72259609917197E-12 5.95872701679584E-07 4.94877060672591E-06 0.000313566691669012 0.0053733589790978 0.356939971644909 
