30 0.600000023841858 1.85929792213113E-05 100 0.03
-0.154209827204644 2.09684577366408 -0.430015304395341 -0.423380420712657 2.9610202857782 -1.04886371098619 2.44579634875703 -1.05276082907451 2.57281056592903 2.22347081499182 0.0107152996615193 0.952900401294651 3.04140928160752 0.327730633844987 -1.04642745281905 0.272688530031954 -0.607526567127878 -0.70936527464588 0.300397813616148 -1.07681097609293 1.81542888116113 -0.797198587815508 0.854447934243105 -0.405158986310877 0.923904010853279 0.0239690345534089 -0.432600608208727 0.66810158252162 1.11315044935393 0.00109024951285229 
0.0662627304281255 0.240160026233464 -0.697623305711259 -0.448616240181112 -0.46226965391378 2.83223960761051 -1.80721367031138 -0.6310352330647 -1.58885972602263 0.0420894785042044 -0.0535253648445864 0.688318868488222 -0.960681652738607 0.532824798129893 1.27911370157036 -0.638859158947572 -1.19242703118165 2.62235812395991 1.58697331256148 -0.00156609416736033 -0.594917646121473 0.393557753779867 0.578739439872438 1.28589260326257 -1.45136852976756 2.53793803926259 -0.0340890958032211 0.492094394980042 -0.2021048643381 0.108763800053282 
0.200636258943984 -0.325739348127241 0.700149884439858 -0.815007221523708 -0.725601363698618 0.0281577077239418 -0.391883683613524 1.6992896484512 1.40255829182191 -0.848607358402249 0.0720036860795456 0.683480488454681 0.917956409018119 -0.126626950072706 -0.0146508181129024 0.32988438287538 -0.298973003152476 0.472203731442827 0.834678149231563 -0.336289201672491 1.67899666294157 -1.42263597346081 0.375231995422035 -0.0642136764389451 1.52520579842118 -0.300302136327598 0.30971349564111 0.014198149561043 -0.382865655914583 0.171636191742325 
0.0504800217743432 -1.23703451139017 1.16729285456207 3.75818268317121 0.400753524139994 -0.707748216958806 -1.24287680997616 1.76134301687736 -0.768480040202299 -0.923879390017335 -0.394812892334236 0.573585485375293 -0.946282827578038 0.976301319672398 -0.622317352081519 1.03100153583685 0.572366758871262 -0.987274326140507 -1.79170925508348 2.04183803756013 -0.873003410651693 1.91485162365182 0.150182240712541 1.02535587040754 -0.0355923517959864 -0.647227254439334 0.711826857582151 0.0093453261113471 -0.553027009718626 0.581833443875347 
-1.35015511594791 -1.1483139357642 -1.32567818596167 -1.40117792832473 
0.0125348550200371 0.588289861718101 0.0161992788060423 2.43629377709792E-05 3.53400188032354E-13 1.14208410535376E-21 1.30453385025157E-11 6.75874897554546E-22 2.12716394683324E-05 7.47202705425526E-34 0.00284781198561146 0 7.13294944786642E-46 4.86526793245996E-16 0.000539101425599567 0.0226509302511383 0.0118379926500825 0.0132174669760408 0.000495918702361921 0.0461393565262102 4.50518483969716E-20 6.57246462421853E-10 0 0.0107671822277452 1.11526689033662E-27 0.00119953744361233 0.0188417780266226 0 0.334550908081149 0 
0.00147836969012835 0.0327921341355139 0.00119071129361884 1.75540397873763E-10 3.42472166027651E-34 1.12393258898548E-44 1.16169025694652E-20 1.34788486609586E-62 7.01416137950979E-09 7.44542489442927E-61 5.1014812527969E-05 0 1.10740020032517E-99 1.31554346817707E-30 1.52162759466978E-06 0.00412392711179302 0.000829879571479758 3.41100579289954E-06 5.06757269725474E-07 0.242325665995996 2.19156588721688E-53 2.30197569266244E-17 0 0.087598870180909 8.33766656255003E-47 0.000425746784872949 0.00270770673132284 0 0.606530659712633 0 
0.0783042777366401 0.00128899538901804 0.0768280811049588 0.00392932088372113 0.00382054720104112 1.6947679153584E-06 8.23183074607748E-06 0.00241844552900676 0.0651925439875252 1.30769298220195E-14 0.0584564210642587 0 1.51766412774238E-07 1.14322700723622E-06 0.0435540509057245 0.0880176222617249 0.0763410472154888 0.0109757916804601 0.0427976539183676 0.00244787123283838 0.0292645033650812 6.40002607076783E-05 0 0.000680650397602335 1.17487109200074E-13 0.0037700502859602 0.083522875602062 0 0.181101644669488 0 
0.606530659712633 3.41594381243699E-13 0.446124613294793 6.19592201291695E-08 2.21593787514771E-11 7.70044110800049E-05 0.378567257039293 1.96980791775802E-28 6.06775958957606E-13 0.56015110991657 0.820440721638817 0 3.19106713967933E-22 0.105513535713062 0.819441372861647 0.477797891809472 0.584676567534497 1.14527237744755E-18 0.290944937596835 1.36543534537902E-07 3.92117416956256E-27 0.252905801200067 0 9.00775835068894E-08 0.217249307804453 6.00265529793817E-06 0.524522834891406 0 0.0357408909490365 0 
0.181470521352087 5.98591152581701E-06 0.160734347342286 0.00135545644467315 0.0165041090639248 0.0196467754092533 0.00149416339864773 0.000381849734560157 0.00211418175119125 2.19429001152031E-07 0.198594502910726 0 0.166816367219986 0.00110475746766617 0.220302512943165 0.167127790429858 0.169291618583592 8.11567569733521E-06 0.178758414524832 0.000202566970398129 0.00549077845955758 0.00355585332211353 0 7.2471687531638E-05 5.9936529360204E-08 0.00186168140071694 0.169145650549455 0 0.11453159252585 0 
0.0740472822599376 0.000227304442241805 0.0527904957579009 0.000722215347343206 2.03221665415269E-05 2.93414760864845E-07 1.01348321526026E-06 2.28032981783202E-08 0.472188723418852 2.2888233988324E-16 0.0450500612957056 0 3.11436543393863E-08 3.06591334321339E-08 0.0317850522030091 0.0780168008866186 0.056179640415419 0.00796242870451491 0.0318331801572141 0.00301043311211948 0.000730423189379267 9.85869853050339E-06 0 0.00107181809997737 7.14748977923272E-15 0.0132758801672859 0.0728414910949249 0 0.186310490429153 0 
0.191636073644638 4.02279753636324E-06 0.196225906201528 0.00232912252863957 0.0336025751746312 0.0124339569732168 0.00562298442519616 0.002653710622565 7.13800868483214E-05 1.20095351946573E-06 0.226576262751128 0 9.38652893349708E-05 0.00646832375916833 0.229071194850094 0.184255724696679 0.210158908622684 5.93732998973008E-07 0.194932107832178 8.68636841113446E-05 4.13193776161464E-05 0.0139995430017834 0 3.15453016280572E-05 3.63686670871359E-07 0.000620862620370856 0.192555460728992 0 0.103782096500264 0 
0.0545007402994022 0.00231119964890962 0.0386760211782575 0.00532741986012605 2.0399684232354E-06 3.29560771274865E-08 1.80315988981741E-07 9.83734898899713E-10 0.134508657043915 1.60813202805617E-18 0.0281906949605864 0 3.60925216745035E-12 2.04537405186714E-09 0.017927861847211 0.064444702100441 0.0403525233063828 0.104490609550912 0.0175125637223192 0.00745951199424922 0.00269086433722172 4.43031530951156E-06 0 0.00233865712126816 5.24227176618225E-17 0.0223988773636533 0.0581429468750529 0 0.193384109975088 0 
0.164177489839039 1.09775642034442E-05 0.143335677312646 0.00255161539289168 0.0377693517946148 0.00491920292345549 0.000832585515542217 0.000467089623832047 0.0027062599677672 3.68629920130296E-08 0.165019328273442 0 0.361520184513049 0.000435886433276161 0.191583589478731 0.156038467727924 0.156574563537005 2.80434448746522E-05 0.155208371573197 0.000265062621000417 0.0111927560640671 0.00333989231123564 0 8.92699281226535E-05 1.14313438318171E-08 0.00216872114918529 0.155853317617484 0 0.119046439390831 0 
0.588729670589612 5.28598129025832E-13 0.472083464992227 2.60765922373791E-08 9.91782912698096E-11 8.04380827284606E-05 0.522698515973886 1.19562145852537E-27 2.7815177153468E-13 0.383242862347806 0.85066831014607 0 1.10095056527722E-23 0.153411103072265 0.725044665615809 0.471949479672363 0.609324644224227 7.77093529719783E-19 0.373999247481905 1.3490099753971E-07 2.05327530766117E-27 0.245455994911522 0 8.82124218875885E-08 0.349958944363525 4.28865456964783E-06 0.531318220692679 0 0.0362583912489204 0 
0.121672156927176 0.000116755802860301 0.104710598133642 0.00747013283116941 0.0102987341046414 0.00214935172892421 0.000135296944100585 0.00116773799817945 0.00870665217417366 1.94728538303784E-10 0.108692736445539 0 0.00167798664560519 3.85597331839757E-05 0.105241921682432 0.1237868160548 0.110512896677365 0.000701562159125927 0.102699514400074 0.000820410537500156 0.480111185982125 0.000794794156033705 0 0.000263316568777033 1.17840041242055E-10 0.00499417932336115 0.121853994628898 0 0.135869443325474 0 
0.55745178199511 2.2017072341293E-12 0.540252686414262 9.99735053744114E-08 9.10939633832906E-10 3.36299677280134E-05 0.744135362710626 4.43483115857518E-25 3.02204051933139E-13 0.480527635258899 0.849816164828927 0 2.50112588596144E-23 0.368125900340816 0.792541269836068 0.467661549657453 0.637102957955134 2.46623485801244E-18 0.295940724695483 1.52627591754328E-07 1.0402738907316E-26 0.364686555968601 0 8.66557367525865E-08 0.299271048662685 2.5303511204057E-06 0.517771872727145 0 0.0382987668410618 0 
0.162285322504389 2.93794690713186E-05 0.178095372508325 0.000402782120696304 0.577113187583458 0.0042155480575666 0.00207004282635485 0.00762523912456949 0.000340864580503751 4.27043551911717E-08 0.182623514550469 0 0.000590868344107124 0.00137737303917932 0.18340516383482 0.158479698595826 0.177650790819861 9.49214403513631E-06 0.231364956263722 0.000257862010036105 0.00207619634056317 0.00330486401226344 0 7.76470913319502E-05 3.3831189678633E-08 0.000836840768057533 0.163082992221651 0 0.120622612368018 0 
0.466581282800729 4.79917652581882E-11 0.54396060507855 7.8093206577275E-07 1.31113800159934E-07 3.80944978683225E-05 0.605751965446067 2.45162564752994E-19 4.8981892401274E-12 0.119015660982036 0.725230609004956 0 5.2898734584422E-20 0.683833914043679 0.714035078538849 0.411635139981916 0.606530659712633 2.01149299440437E-16 0.257597919998409 3.9478869940797E-07 4.41219998561907E-23 0.351713326578344 0 1.82559241803293E-07 0.0559152122474162 2.7967711702896E-06 0.44995277418193 0 0.046704569589385 0 
0.0306769697785207 0.000617075143782845 0.0125201046166914 5.4246071031246E-05 5.50960784942499E-13 1.10044510832188E-12 1.97782927485735E-10 2.51667691559904E-23 0.050925504343379 1.51204713868025E-26 0.00760420365978907 0 1.18795489365931E-24 1.53287759021478E-14 0.0026501699241359 0.0363880188772945 0.0158126647387398 0.0300982691079087 0.0049550056766627 0.0244546727737816 1.88679675955542E-10 1.28164979062079E-08 0 0.0118146102810237 1.05473508427343E-22 0.210227199605914 0.0325844822400665 0 0.224119884102557 0 
0.0312166073082523 0.0521832234741964 0.0657347805837723 9.27981253840046E-05 6.82096666427146E-08 4.00346001414406E-17 4.65518204128435E-08 3.17257965678036E-12 2.28823012624884E-06 3.97463099791535E-24 0.0151225668644322 0 6.52126144702911E-35 1.98671321226087E-10 0.00543330487061223 0.0498980455324601 0.0412578339748646 0.000101022565657872 0.0025545860340418 0.00340680107343408 2.19918081788631E-17 3.74899605681139E-07 0 0.000643253376869748 3.55476643090122E-20 6.25787929290857E-05 0.0438025482606753 0 0.24040512119581 0 
0.00291706151146321 0.0566056171554168 0.00230159661497549 3.2365697592111E-08 6.84793122045003E-28 3.88509920685125E-37 3.34320922511004E-18 7.27327540777048E-50 3.69031392307701E-06 2.383763545246E-52 0.000171758363791465 0 2.23528844897277E-78 1.95585089799167E-26 1.17581311219438E-05 0.00683560991065997 0.00164439560378039 0.000458157374571836 3.25477530808813E-06 0.198956256002456 6.09981083421092E-41 3.75569806422486E-15 0 0.0650295063965644 3.62779597826803E-41 0.00167238418176949 0.00462407851613574 0 0.524441679147392 0 
0.0761901588844979 0.000449953748907231 0.0558983611661054 0.00201061309214634 3.34169599907979E-05 1.46715164711569E-06 1.49941394595816E-06 2.3795587346091E-07 0.274486392956347 9.07271208484885E-16 0.0465566458259694 0 2.28333921456601E-07 4.80842749104007E-08 0.0353898865799358 0.0797587529808138 0.0576342341452786 0.0144230462627474 0.0342951406248037 0.00342704279795252 0.00840631664292936 1.44778871015847E-05 0 0.00120549059402626 1.12763511322838E-14 0.0178392076800163 0.0747638633488197 0 0.182507100761009 0 
0.603467100378201 9.53497294341282E-14 0.504847775547 9.02490298799808E-08 1.0116150517888E-12 1.3367746733783E-06 0.592553028470771 5.96386820927705E-31 6.94471388487277E-15 0.356193660604529 0.84397455525351 0 6.58167622676487E-29 0.15736348234206 0.708092906275019 0.517106077259866 0.668776091829855 1.73385924176255E-20 0.169971148590639 4.14187485226665E-08 6.11944157268251E-32 0.619345723599071 0 2.85688329780123E-08 0.330583075268798 1.16962223415739E-06 0.570891126941664 0 0.0312489735506652 0 
0.573383785788642 7.4128950681258E-13 0.602860509313039 1.36366849793758E-08 1.04994992849215E-10 2.1441802416464E-06 0.834232191643747 9.5310969773909E-28 2.04928115789914E-14 0.22823243275201 0.868386773428809 0 1.676900914499E-27 0.312722016641469 0.735345912453545 0.486751381809226 0.686756409378914 1.12563405842979E-19 0.270339075929023 8.76998546680551E-08 3.41328275355238E-30 0.28196785944677 0 4.90891592394374E-08 0.322106606372757 8.68870618859068E-07 0.540648725587843 0 0.0363482786937612 0 
0.0243420643659367 0.23004864105828 0.0307650952889766 0.00152997594317955 9.58290536970711E-09 9.11334253030558E-16 2.22395815274017E-09 6.20202032082318E-13 0.00120430407290345 3.30569019616424E-26 0.00868322123097012 0 3.0677345345021E-29 2.35453312720591E-12 0.00351187270595388 0.0376499301627642 0.023013458656684 0.0950363253303372 0.00193150304051919 0.0204854254000737 1.34927799230821E-11 7.24146354813769E-08 0 0.00461359956047879 1.56213321603014E-22 0.00220417780335775 0.0319018469782005 0 0.274785349003065 0 
0.152118796333328 9.39095772081136E-06 0.256426265495432 0.000149559233574585 0.046654593780355 1.97161760338964E-07 0.00224502950208024 2.58311003349525E-05 4.28565562745261E-06 3.28111578161141E-09 0.183403873119166 0 2.57693984800232E-12 0.0014254763890703 0.173891191294079 0.166529529280981 0.207361806005739 6.78312103518336E-08 0.0819380051261367 6.22339380450555E-05 2.87896259308805E-11 0.00371207790402997 0 1.61677583593334E-05 1.56576680452633E-08 3.60222552313075E-05 0.16323812921529 0 0.118964827256372 0 
0.00103446061036034 0.000194914286233299 0.000232587102540643 8.42571789011521E-12 3.12930657858238E-44 9.08560175082648E-47 6.05205610535271E-24 3.45560786136976E-84 3.81095641908149E-09 1.95060760071269E-67 1.46016014729535E-05 0 7.01407039621173E-110 1.83996688686193E-36 2.89070373533847E-07 0.00270531404312659 0.000274119313883959 3.48826494091751E-07 1.53617209708803E-07 0.551126507302175 3.48935709681032E-59 1.40896326661904E-19 0 0.415177378510802 4.22621936312849E-52 0.0372774117902645 0.00171555269457369 0 0.500466928348657 0 
0.00595396334147485 0.0434019798588802 0.00394083792456493 0.000120403165709076 1.82439184929753E-22 7.06817503701264E-29 1.54346996640381E-15 1.08277225757957E-37 0.0002644060234894 5.08935213346228E-43 0.000576340544081762 0 1.78521807241878E-57 6.07391909116492E-22 8.38219948202058E-05 0.0122270959463836 0.00349373941853829 0.0352632336762281 1.73362391810667E-05 0.0960622366700616 3.67618419349915E-28 3.47910063579983E-12 0 0.0317078438014976 2.93115073030278E-35 0.00786544183245514 0.00866881676049044 0 0.390252417694305 0 
0.139435950884073 3.63843531150735E-05 0.113940038404705 0.000735433545410757 0.0145004107875432 0.00266703805138674 0.000207401968578893 4.44493270382297E-05 0.00811212510503484 8.26579439114078E-10 0.12551023919224 0 0.0383032389510479 5.15934747199223E-05 0.130547217788128 0.133264733591115 0.12297559905655 0.00015657282182602 0.152679143792401 0.000662483392229561 0.0751599025360059 0.00065045298721126 0 0.000216445235371485 5.71451228243317E-10 0.00432457774703872 0.132542053628595 0 0.131761572986736 0 
0.0808734326571786 0.00167320186501272 0.0929280198028052 0.00137393912422513 0.0144554717254752 1.17609964247028E-06 1.5809688797284E-05 0.0153777589878979 0.0209086395545814 2.62361103583344E-14 0.0653986657943577 0 1.21840428345152E-08 2.58664994855988E-06 0.0470358608321057 0.0909628489282328 0.0850834759993525 0.00423893716416372 0.0519444107992357 0.00207974935527478 0.00443602006124739 6.76451222125502E-05 0 0.000548686343960648 3.38314742158237E-13 0.00200658524275495 0.0874164445730303 0 0.182541097611064 0 
0.0293263882005083 4.49330310499096E-07 0.0056426194182481 1.65297149338998E-07 1.01171594499277E-21 6.68092705280847E-16 3.31544600115551E-12 3.46729244506202E-43 7.92855904136793E-05 1.30389803567317E-30 0.00422622648626753 0 2.51638363956251E-39 2.81168196419649E-18 0.000912127386243748 0.0325156642796611 0.0100311587736174 2.69990902454998E-06 0.00253010351590565 0.00710979878435317 4.37534535031671E-22 6.03415513142625E-10 0 0.0065080110063813 3.38869258113946E-25 0.643757246875326 0.0292235903803532 0 0.162518079786009 0 
0.434148145146159 2.99862573398042E-10 0.365242467478235 6.17357978098523E-06 3.33603021129334E-06 0.0222845194231804 0.221092720446009 4.03490971372605E-16 2.53020483613064E-09 0.135051740166357 0.633862409319617 0 3.288296649855E-11 0.209271508336034 0.716259036218434 0.359390752180869 0.444744719443123 1.57116194429332E-13 0.43057673371571 1.93743545501131E-06 1.24263956206948E-15 0.1944585006857 0 9.61498501505619E-07 0.0157159092647032 4.9557162260714E-05 0.390909901337648 0 0.053082913035262 0 
0.448303706892559 2.00572076809053E-10 0.403915238393344 1.01725118059162E-05 4.73952032299221E-07 0.00772642907724468 0.272224180791527 8.70626696124108E-17 8.02719062682192E-10 0.258092332189212 0.654820973315054 0 7.49015729945213E-13 0.338749545272839 0.782123244075326 0.377797225025135 0.467937099730773 4.3780507695163E-14 0.29962527901594 1.34948597129412E-06 4.87516972789299E-17 0.249676535047363 0 6.43555730874831E-07 0.0179898847772765 2.65029701858617E-05 0.405355843498404 0 0.0508971486630744 0 
0.228099817812111 5.74849618439366E-07 0.1819406593926 0.0001618316385409 0.0043760260099268 0.523580694220872 0.00634112920707359 1.27423773152421E-06 7.02554864229914E-05 8.63991632353E-06 0.267492074419816 0 0.0012756464591811 0.00481761134286063 0.261084071576342 0.199310903849968 0.21368686362284 1.47201562075552E-07 0.397369169424977 8.55553458006907E-05 0.000106758397042138 0.0090751479541354 0 3.48361056427172E-05 2.10555373522979E-06 0.00144733489060573 0.213311034190651 0 0.0931344874044665 0 
0.322483345215386 2.42735121936851E-08 0.363094123652491 0.000100654439845305 0.00076383076966234 0.0112133256436865 0.122772882827033 7.95205842233818E-09 1.00373968846019E-07 0.00693885917925103 0.487666242925534 0 1.20213040137887E-08 0.360331072985246 0.550946210554903 0.29373893363112 0.383342067583634 5.72753859614122E-11 0.282700711522966 7.32958124367245E-06 2.32199331740047E-11 0.123709654775979 0 2.68160118344088E-06 0.000715381703180751 4.54109943999056E-05 0.311040827880278 0 0.0703608300897827 0 
0.213791409652602 1.18865055488735E-06 0.16364134565751 0.000829759058177845 0.00253537914171896 0.258480277692442 0.00373044129209593 6.80268276631095E-07 8.84615041210436E-05 4.41887338041918E-06 0.231466641841543 0 0.008580584488186 0.00210759643634269 0.254177528469931 0.191277394421114 0.19297068796658 5.78969719178446E-07 0.273527831464915 0.000111151520235653 0.000689817388016741 0.00948805137377952 0 4.42207692883226E-05 5.18597366466191E-07 0.0021132308267143 0.200514847195468 0 0.0937925379599969 0 
0.0285789344027971 0.0499145524219262 0.0265372341182504 0.00250534657814724 3.55790000231295E-08 7.90781006125857E-14 2.6426194110056E-09 1.24499394945784E-12 0.0541523137026721 7.63750340341516E-25 0.0102898073159512 0 3.5499689672212E-22 3.92696861466247E-12 0.00497041833501285 0.0405293743354309 0.0231343559808059 0.571773417358024 0.00322798035163788 0.0225714800244408 2.72196957164104E-08 1.31614519747001E-07 0 0.00562150448373725 1.03942611443227E-21 0.00835259423821364 0.0341981290992055 0 0.264467043519475 0 
0.418837190278351 2.88322236905757E-10 0.380123944087169 2.32375072486106E-05 1.88041968254202E-06 0.0032336800350474 0.251886901159472 2.08760325639625E-16 6.12453601638959E-10 0.106486542004862 0.608489614202745 0 3.44682395459689E-13 0.266894009005348 0.702561863432614 0.368064172742532 0.463546359544483 7.39073736172977E-14 0.289566169835524 1.29758577415347E-06 5.46962666160235E-17 0.388737929252966 0 6.15574025021774E-07 0.0114249715381254 2.49892893521455E-05 0.39417282878547 0 0.0507501767432489 0 
0.092101765037623 0.00065242652593531 0.10960426945451 0.000108803059560842 0.0611167196670276 3.31811063913908E-06 4.8213055685718E-05 0.000307301351066684 0.00044965232062109 1.06941555560171E-13 0.0754293758770106 0 3.99101109871682E-11 3.16050524467826E-06 0.0485942552857821 0.0984286136462228 0.0999450275527785 0.000164454017712846 0.110970182595651 0.00112772676391909 1.75460888853913E-05 9.94739086096752E-05 0 0.000344850134917065 4.01604971785123E-12 0.00173697091162765 0.101157886381674 0 0.162965001497956 0 
0.00117144175550136 0.163857234631412 0.00161699131036695 2.62754950724036E-10 9.4107610570662E-36 8.49433722395071E-49 1.72995672842298E-20 1.08795518103035E-65 2.48283074553321E-13 1.85324297590963E-62 4.02666272659296E-05 0 1.26984956227857E-114 1.54034777359252E-30 9.18160460577783E-07 0.00420038125835181 0.000953450189297924 1.63428513309985E-08 1.67559028349663E-07 0.0926701870791556 3.56854293373829E-61 4.20439454743842E-17 0 0.0238229133704393 6.98583939497363E-48 1.12618851500903E-05 0.00270342866660838 0 0.5323794742737 0 
0.0507051351143618 0.00364541472576166 0.0364942363891514 0.00131564077798359 3.26507380152208E-06 1.89083620203698E-08 1.16355039065752E-07 5.02429296412266E-09 0.18464714296882 1.8999141723252E-19 0.0248131915532189 0 8.45915135325289E-13 1.18771187146115E-09 0.0136421900722544 0.058996754985139 0.0398850426320687 0.114047327615672 0.0198099382309778 0.0102592672669924 0.00226105015594164 2.01549421192453E-06 0 0.00328322707038995 1.83347178962306E-17 0.0238433381763282 0.0548817018982663 0 0.211106265798368 0 
0.320973537039997 3.11177179218423E-08 0.382124478532435 1.79847074522053E-05 0.00341374193520415 0.00422875908254157 0.126265761979954 2.67337289400437E-09 6.42437209029247E-08 0.00309956210137402 0.481766595763739 0 5.20818636940274E-09 0.212232868861759 0.545871854245707 0.287777066266571 0.385721552241298 4.07739397995244E-11 0.364220424376275 8.14846766805133E-06 4.50638279455748E-12 0.0772215258273042 0 2.94872147043897E-06 0.000711883121500956 4.05007229902657E-05 0.30640986636837 0 0.0728053081858309 0 
0.552673943031832 2.08479293526716E-12 0.550197457644595 4.55502586834066E-07 2.01146391384617E-10 1.18756932622515E-05 0.683512189018513 1.39401036420662E-25 1.83069172600907E-13 0.663273911797201 0.822123003153261 0 5.68228248179176E-24 0.40073001386783 0.863204364282216 0.480107121069724 0.628449280803282 2.11538746612364E-18 0.183920984631078 1.25624250117364E-07 3.20514935793108E-27 0.538521741782004 0 6.76057781434152E-08 0.176724920730814 1.79634446367753E-06 0.516654248482559 0 0.036999320045937 0 
0.0265966313949481 0.0434177961284619 0.0219371885675899 0.000105558946181659 1.91198215059601E-08 6.1851133476255E-14 1.07396551874006E-09 6.27581073083317E-15 0.0389379598207914 2.71159420506092E-26 0.00869147529108254 0 3.02261369216534E-24 4.36970400585757E-13 0.00334520300599461 0.0359892013735101 0.0201326090923592 0.367416487255226 0.0052239801991294 0.0347968083637854 3.82497657406903E-09 2.9391985851439E-08 0 0.00993046619524504 2.5619161298788E-22 0.018279420596001 0.0315152452580163 0 0.276601964388747 0 
0.310017385475555 4.63131788123213E-08 0.313969857471114 0.000207071289422457 0.00131141670479505 0.0195146276795849 0.0563065001199305 7.71658011342931E-09 9.36831896977521E-07 0.00322683230020425 0.431327549467109 0 1.42972684110898E-05 0.0898041735382807 0.606530659712633 0.27472508330408 0.327589470045878 5.93296210738845E-10 0.260293003787778 1.31370269332306E-05 1.84331919926769E-09 0.0731828940109943 0 4.88147384677581E-06 0.000199424486647556 0.000134261138294793 0.282830954393291 0 0.0744310604376227 0 
0.0514983193146792 0.00264234977460253 0.0374786478720887 0.00695418256775477 1.63815850516492E-06 1.02391467652275E-08 1.18699018683082E-07 4.82845868140461E-09 0.28661269641665 4.62957573653097E-19 0.0258873979219162 0 3.29506394458455E-12 1.52213207469812E-09 0.0163414450920765 0.0615630958293351 0.0395266631238771 0.14859142291888 0.0140620360388118 0.00799123062794099 0.00166973171716042 3.48426982211451E-06 0 0.00246334182559428 2.02110301974991E-17 0.0197625447717464 0.0551966797639438 0 0.204469154557256 0 
0.0994929677972367 0.000946432576601745 0.142992235839024 0.00402352386943074 0.0526549408673602 2.1148072119582E-06 0.000142679484484852 0.288403981680773 0.000643003403745786 5.19583260650213E-12 0.0932747554950254 0 2.43636570991506E-09 6.10434783970266E-05 0.0778925517278076 0.113225302119841 0.120553259404629 0.000239379757627275 0.0524958642594986 0.000711848224910331 0.000123896612770944 0.00048585035817178 0 0.000175501899471408 1.68727266556317E-11 0.000491053718004566 0.110467021502876 0 0.157906481674836 0 
0.38753551770485 2.08958446611741E-09 0.391800930718729 1.33318718023974E-05 5.58731781659845E-05 0.0140720642022059 0.207652700219522 1.56799999661574E-12 1.3878799179362E-08 0.048481141024621 0.606530659712633 0 3.26327672728176E-10 0.351866401521102 0.673924164568096 0.332454741188584 0.428531643627835 1.67811735890441E-12 0.386211628999216 3.3055949778662E-06 5.88590119058966E-14 0.146538730671851 0 1.43041417986121E-06 0.00652104928263386 3.99949767884312E-05 0.357018173331398 0 0.060958236867192 0 
0.436017708280373 3.05780435677042E-10 0.475468085309966 3.95124054758878E-06 2.45145389200475E-06 0.00129879269342162 0.490120810337115 5.00217563767062E-16 1.241935815037E-10 0.158005668525575 0.68553852225992 0 1.25444944900321E-15 0.693388581791821 0.723568104566338 0.38106994546024 0.520943759786246 1.19651544757849E-14 0.33155407714211 1.01434802895304E-06 1.10901363603468E-18 0.300093016007739 0 4.57036816110765E-07 0.029998048206275 9.89889989071212E-06 0.415153642465103 0 0.0514749006436484 0 
0.234506528976083 3.8793127454381E-07 0.199706067669442 1.49678335646701E-05 0.0135022903375516 0.143657748280717 0.00902142841325823 9.12013156507118E-08 1.21214697166625E-05 5.79432250393996E-06 0.284358295058596 0 2.01326374885024E-05 0.00417393158320148 0.25011993676669 0.202662879763138 0.231112603241387 2.78811139784506E-08 0.606530659712633 6.90033231414833E-05 1.76017458769427E-06 0.00729851803864371 0 2.81997160011585E-05 4.41302303601575E-06 0.000902559351937056 0.221177354550774 0 0.0917236544227957 0 
0.0291629407307876 0.00220874158849185 0.0140516172935621 0.000166909780325156 4.83730938432054E-12 1.1798456645739E-12 2.6486737720919E-10 5.26112464735486E-21 0.0494167230033219 2.56588104140311E-26 0.0077650869098988 0 3.71339840155078E-24 3.53466809085103E-14 0.00288997959287969 0.0362958137295314 0.016344413491238 0.117286253862736 0.00472324911998722 0.0306151146454846 3.00151459238773E-09 1.88821616737607E-08 0 0.0123075028257178 9.62942705547014E-23 0.137134185566426 0.0319421882525057 0 0.232334791173272 0 
0.224495008376385 3.2938907048003E-07 0.153393090744089 0.000697196338620498 0.000552222061748217 0.104956906327242 0.00248345902204112 2.77698140993427E-08 0.000298191368662771 3.80784395897103E-06 0.232524355048137 0 0.145223679346055 0.00117475842293878 0.274333686113714 0.194117578276111 0.189109153734442 3.6107408187636E-07 0.231590947410652 8.84875191530063E-05 0.000114133073107211 0.0079879250293447 0 3.81928442458076E-05 5.11605357903899E-07 0.00262264021183648 0.200025957396212 0 0.0932059943150496 0 
0.366220621286069 9.99734261631867E-10 0.606530659712633 1.89304079167749E-06 1.18463654198771E-06 1.09375087484674E-06 0.272411015785791 2.3445542779373E-16 1.03258551660354E-11 0.00351366489087532 0.576741898887461 0 1.63215780644446E-21 0.317360941620533 0.586337691382334 0.35119001500313 0.512833631532079 3.25102367068835E-15 0.146127821264361 8.55974979911545E-07 1.01202227642885E-22 0.126804996186692 0 3.04040232944757E-07 0.00245233673330044 1.47756146002604E-06 0.368298023273545 0 0.0569121862892571 0 
0.113159100254639 0.000205521049989886 0.0975034656667073 0.00612392645498517 0.00470344565708992 0.00108302562037039 7.9768321123381E-05 0.000377283473282468 0.00868149609475616 3.90291074596825E-11 0.0964706768421127 0 0.000149260596687185 1.62658134333991E-05 0.0894881860300171 0.11617233454167 0.100655604890031 0.001137470587864 0.0898363826318697 0.00109245639491283 0.437984380665199 0.00044126798294122 0 0.000349428597701132 3.28963712603837E-11 0.00608166999569998 0.114106252063891 0 0.140526940572445 0 
0.0570411634106553 0.0082013471995059 0.0658090249937256 0.000292186162691344 0.000504533422714375 1.59468453962327E-08 1.17489435443015E-06 3.46981061861764E-05 0.010722880695359 6.46988487405344E-18 0.0366860518477071 0 2.03580915756509E-14 3.74193472726584E-08 0.0192154039884137 0.067839276162475 0.0569627960339852 0.0150816376736702 0.0335672461523249 0.00570552582038235 9.09724164677776E-05 5.38428475047848E-06 0 0.00147000343305424 7.29557075800189E-16 0.00319321349662092 0.064783600897606 0 0.212572060270414 0 
0.109121315627198 0.000232549308730501 0.126786151902457 0.00280740598254335 0.0140639810732723 2.47359145069873E-05 0.000106474982727119 0.075429773277315 0.00866412305779809 1.46385367776987E-11 0.105585076822796 0 1.67046398681247E-06 4.89002516735844E-05 0.0873849101643391 0.115510280519241 0.11446382074687 0.000347190262721043 0.0683167316922124 0.000722706628252581 0.00205004571847433 0.000357832453486464 0 0.000209233644510196 4.072958736806E-11 0.00128966851964719 0.112387786871471 0 0.156737109514736 0 
0.653081788283954 3.22272148710376E-14 0.538199810382228 1.06589750677405E-08 1.80018213774666E-13 1.04017831127968E-06 0.694467797425351 2.54483469530553E-33 1.38592579332119E-15 0.520485976069172 0.898489538751023 0 1.04955910873917E-30 0.142144432790212 0.72495828545562 0.543254785368782 0.705265291767054 2.03045943946378E-21 0.210358536124287 3.21526265928812E-08 9.74748925302164E-34 0.430255975541722 0 2.21505641578116E-08 0.597868055090937 8.19904114518828E-07 0.606530659712633 0 0.0294933371617711 0 
0.13607455831523 6.70976602479019E-05 0.129532560804751 0.00288697692621922 0.0480748089061101 0.00305163648035251 0.000355867455355317 0.0250048367063588 0.00739154934366609 1.58875460329868E-09 0.136319290446579 0 0.00968695202092668 0.00019191949623542 0.130977819558743 0.134634506872076 0.134004037270101 0.000190296785056844 0.133402096436704 0.000537978269626551 0.130875978431933 0.00119994603456581 0 0.00017188412495893 1.15907006388787E-09 0.00263869203805302 0.134970816889992 0 0.135129507506489 0 
0.00316099067609167 0.160178589099632 0.00196550438347387 7.63121836908806E-07 2.96918931917531E-27 1.41698746021886E-33 1.06807852478479E-17 1.88730558348132E-48 1.29984085549876E-06 2.545319231226E-50 0.000191814469955758 0 2.23314617688517E-75 9.36604915133835E-26 1.33203527821766E-05 0.00753793897124852 0.00167612903541203 0.00400825197939601 6.5722712421228E-06 0.311617382214815 8.32338408319045E-36 2.2856760824052E-14 0 0.103454941174543 2.74625574620659E-40 0.0072374281787162 0.00528426218863559 0 0.437467126845549 0 
0.00156898724336123 0.0019390827015807 0.000449993096136909 3.13386658456738E-10 7.32073298361048E-39 2.82958872664212E-41 8.48710480703578E-22 6.4367166431554E-73 1.19362290442988E-08 3.26812520076845E-61 3.55340430367415E-05 0 7.59800139732252E-98 7.13047847078947E-33 1.04236560654805E-06 0.00392592564419557 0.000499013590918177 9.76016018171058E-06 8.09189345360366E-07 0.614780889129371 3.08613963383343E-50 7.97598999338931E-18 0 0.340958150611385 5.4026521425718E-48 0.0370413274661792 0.00259515815404971 0 0.449376285842134 0 
0.298125347935953 1.01038746235007E-08 0.194480870801348 4.79740205259958E-06 3.1661965387938E-05 0.437278581788763 0.0138711256033991 5.32346075812574E-13 8.92429028159762E-07 7.69265618290984E-05 0.337142571298676 0 1.5133270903289E-07 0.00458798945756863 0.290996704461331 0.238552123782808 0.26413752856674 2.29268601136969E-10 0.617364820985478 2.21269239729957E-05 1.1313563667284E-09 0.0124373444152432 0 1.18330411799878E-05 4.02683976482078E-05 0.000972054565122167 0.268091472572504 0 0.0730303401258208 0 
0.0945359203235013 0.000117967893337116 0.0638905458994903 0.000869473081097371 8.78007316086146E-05 5.39588172817179E-05 5.36211651709474E-06 7.46000115443476E-08 0.110926325317434 6.79014345504205E-14 0.0623475568255545 0 2.83462172875338E-05 2.18561232009113E-07 0.0522317904905668 0.0931011778217607 0.0691267248543631 0.00356179279831214 0.0656066100324175 0.00228957683642401 0.0324217952504088 3.64909794788271E-05 0 0.000833769842687932 3.21337919980548E-13 0.0210180306274066 0.0896307865485377 0 0.160375062068263 0 
0.113844531895406 0.000243083599544213 0.114613529921206 0.000693783649771859 0.0252028041016008 0.000281279041566839 9.824639879465E-05 0.00182728682182166 0.010343979344788 2.45667552312016E-11 0.104308632882929 0 4.92453890400336E-05 2.5641511346836E-05 0.0927553066433794 0.115830131063693 0.108303451981005 0.00062965337180789 0.109219743047078 0.00113956147757344 0.0672347689214893 0.000243445964657295 0 0.000327650752192577 4.98108208610461E-11 0.00280918116306249 0.113769415041105 0 0.151191553276147 0 
0.24919562677926 6.94054517618637E-08 0.157238510221847 0.000270870750577554 2.21479008302477E-05 0.185607748572166 0.00307357846192001 3.43948436822176E-11 5.8007483440189E-05 1.46392267587093E-05 0.26199916976916 0 0.00158294384875858 0.00136929190847472 0.306153851278327 0.212311711139891 0.199576660578037 3.50012296236741E-08 0.244211970232362 5.71668369884694E-05 4.22300611388204E-06 0.00882010261232219 0 2.56094117645809E-05 1.3187336912045E-06 0.00204847754243247 0.218144079727063 0 0.0827883837845382 0 
0.0018863914421097 0.00414805707077233 0.000642184128779851 5.26893386014562E-11 1.05822027311219E-35 2.96574023802669E-39 8.81308234930967E-21 4.20764494135655E-68 1.15567440387626E-08 3.59730021253639E-59 5.3513885836034E-05 0 3.07789711641479E-94 1.80646987838939E-31 1.53288416904348E-06 0.00439692188642895 0.00068177370290045 9.36082824812983E-06 2.72356752355587E-06 0.593360789043069 7.25201855983557E-48 2.06734042538075E-17 0 0.32596979084469 5.66342946351859E-46 0.0303440537613223 0.00311679639292515 0 0.459499213536413 0 
0.00363942860557556 0.0131707523306624 0.00159910536692604 1.91141245320637E-09 3.05691874431046E-28 9.50754972943873E-33 4.32437428764684E-18 1.85219777416587E-53 3.39708071253556E-06 7.09523024976134E-51 0.000190283426518716 0 4.90695296843497E-74 8.39117904501781E-27 1.20054812604609E-05 0.00728251796184813 0.00156427314518455 0.000664039730756987 1.79398411875464E-05 0.434299531928288 1.14409670805962E-36 2.89099406382869E-15 0 0.179762128707687 3.59985879532136E-40 0.0305064428166592 0.0053432985701015 0 0.434918582188876 0 
0.104359960456918 2.97764878276322E-05 0.0962037812044083 0.349656569152669 3.85541703323033E-07 2.33782735641041E-07 3.22359409487633E-05 4.0701673679017E-09 8.95406444238717E-05 5.09553778742631E-12 0.0773613165321983 0 1.2578623649704E-12 5.09854447749427E-06 0.0767613383080159 0.123845326248528 0.0974948705432047 1.42054745328809E-05 0.012881611170355 0.000237616039618403 4.04796208653153E-08 0.00115712485974514 0 7.80981259410304E-05 2.29568641843052E-12 0.000943581396070954 0.112888729956748 0 0.118763878092126 0 
0.457818323203807 1.00706803292007E-10 0.467642032368388 1.00951682382313E-05 1.75060297084624E-07 0.000380067225327197 0.414097270106755 4.52528392052955E-18 6.06173332049741E-11 0.318712828703584 0.69106918513912 0 5.7014226409655E-16 0.5346158830336 0.81081430369823 0.40378865195697 0.521169980942493 4.14417627045505E-15 0.226802185673869 6.69829638090706E-07 5.87022077209145E-20 0.439944436536254 0 3.05500755729168E-07 0.0280904884773518 8.06245428913485E-06 0.428672585267791 0 0.0475552280750807 0 
0.316721259368746 8.77676528687481E-10 0.409638815731646 0.000343801419017057 1.29012632909984E-08 3.36842710301704E-07 0.0836208554869019 3.52564842287843E-17 1.7557489571762E-11 0.000683534493654339 0.409002592109107 0 1.10372252461521E-21 0.113151493665921 0.436543537567562 0.333440766715513 0.429904399970827 1.46046631035157E-14 0.0486950120268135 7.92374102056884E-07 4.14136479845791E-22 0.348140155751422 0 3.02448783105975E-07 0.000103645346538064 2.4231965290028E-06 0.33657208833977 0 0.0537504659861454 0 
0.35676700834278 6.29399007567598E-09 0.437062797620562 1.2004924594031E-05 0.000236066155185179 0.00137465344834783 0.276126376155149 1.3156961117495E-11 1.77069336604939E-09 0.0132356423318301 0.546554342621111 0 6.68019291349001E-13 0.447054731108195 0.574852602824472 0.322774897060934 0.452758299033667 9.19130223948814E-13 0.332806920711888 3.07249628720518E-06 2.12610394660124E-15 0.16864893569251 0 1.20857685161424E-06 0.00328265879634445 1.6592182915511E-05 0.350847603945871 0 0.0628964095846299 0 
0.308048896050799 4.07958968679299E-08 0.394882791803366 9.08218962129302E-05 0.000705463106012366 0.00189827227648812 0.140764833545562 1.88941059517269E-08 2.40810216188723E-08 0.00268339787226908 0.467603293949372 0 3.40038304865685E-11 0.375585935776774 0.494062771191776 0.288096410215073 0.392329973564498 2.25426855175291E-11 0.238837833574312 6.29752186730947E-06 7.32113779376164E-13 0.113772311560155 0 2.30118875658816E-06 0.000481831585855058 2.61174271044597E-05 0.307623547524888 0 0.0717126668095315 0 
0.0952533542084411 6.88759639964724E-05 0.0564459415316594 9.60488997559769E-05 2.3126813484695E-05 0.00010108110631047 4.74047394184889E-06 1.02164798101973E-10 0.0106844855089764 2.78625402861316E-14 0.0580902205411586 0 1.10819936005041E-07 9.09909241429897E-08 0.0406419789605503 0.0921519289230616 0.0693242711554666 0.00072118438130686 0.102142936210563 0.00242673740480167 0.00462719102368452 2.48333689361478E-05 0 0.000951321243866763 2.65454255810128E-13 0.0267900483706159 0.0923355220853853 0 0.149285078260452 0 
0.161094241250825 2.75208934607456E-05 0.157668905172003 0.00171387315183588 0.20385844056848 0.00889994913537042 0.00149516397197737 0.00322197746523499 0.000585500746247697 5.30226814310916E-08 0.172302216689101 0 0.00783562712752095 0.000890093453206761 0.18658977430344 0.157773387986665 0.166806659876211 2.08898041293356E-05 0.193800279695384 0.00028178393447896 0.0158589101747601 0.00413690304604082 0 8.83262873569726E-05 2.15227332059135E-08 0.00147142364789606 0.160591281092478 0 0.117159658748817 0 
0.130855175658569 0.000165708892630316 0.162356125739363 0.0105090683199974 0.07664505988126 0.000168883073165059 0.000681507716052676 0.3503889020162 0.000614581965156257 2.04174520609852E-09 0.1365037939013 0 1.18028046402046E-05 0.000538516259081577 0.13774342656862 0.139938790621559 0.147697299520558 6.72503624036804E-05 0.0837930183126667 0.00036304431451794 0.00154839260713992 0.00242577865153466 0 0.000100006681469441 1.0661981866256E-09 0.000679103431073307 0.138042434237709 0 0.13367567719411 0 
0.149469495379445 4.53304481928883E-05 0.225568324619752 0.00380726753082111 0.0402556717549687 2.39599678768391E-05 0.00276353543908824 0.0238008245767257 9.94874863212806E-06 2.08582140265309E-08 0.171624698501137 0 1.6198031999247E-09 0.00352373464975979 0.168544282763417 0.163841902455612 0.197781475261214 1.05357338041969E-06 0.0817065102098664 0.000120225469986564 3.62657946962208E-07 0.00710998754572472 0 3.11251969943649E-05 1.19166881744117E-08 0.000115744478375939 0.163843968573574 0 0.117726601003941 0 
0.508069892123483 1.03427237484194E-11 0.444099351370522 5.05135059536153E-07 2.75414219561363E-08 0.000430273624806459 0.416208299994998 4.09164491775254E-21 3.51624960394952E-11 0.270348158632802 0.776456623620672 0 1.87229749776352E-17 0.342061141290151 0.748940999638765 0.420706587626495 0.554547989718587 2.56737332601892E-16 0.355836486614141 4.05194205064187E-07 4.66416309527949E-22 0.283797699792211 0 2.23872287585673E-07 0.106070112182439 8.59370663734237E-06 0.460943383718581 0 0.044590687732253 0 
0.702686784045166 2.09359576002266E-15 0.580150758994937 4.52649361449855E-09 2.49737995815543E-16 6.10463032839887E-09 0.530448018312289 1.49617238936063E-39 2.70169802705754E-17 0.312658928611295 0.920290587715277 0 6.80532277550138E-37 0.0590896024439902 0.77076557269611 0.606530659712633 0.744373392233458 1.36374670936143E-23 0.102947375911997 9.42633225010026E-09 1.03842137085918E-39 0.478642408585479 0 6.68979519019679E-09 0.47555906576305 2.01657059295682E-07 0.648525834972952 0 0.0248472007409908 0 
0.087272853948589 0.000630000305116612 0.103859191000223 0.000165119560709802 0.0123980138442011 3.0494695482265E-06 3.27085015503407E-05 0.00309280244947359 0.00166700272849212 4.49694487228531E-14 0.0744554349629248 0 9.02807602691566E-12 4.04042264368085E-06 0.0411115220264395 0.0947854983648516 0.0942815923034448 0.000249658556111156 0.0902227388917841 0.00125165093919868 3.22882094191409E-05 6.85884758996175E-05 0 0.00038307167228865 1.82211967119861E-12 0.00150732011964235 0.0968507235957473 0 0.172263628633353 0 
0.0410028821850173 0.00142434021619085 0.0426214176139859 0.387052025261741 1.13916725702517E-10 2.65768764523607E-14 3.65097214891145E-08 4.83675975125266E-14 0.00029509671781344 4.56880259885282E-21 0.0174191489113613 0 1.23699989973423E-24 4.21320257199811E-10 0.01157658995141 0.062039866066336 0.0385415233912906 0.00113812325510295 0.00109646636989592 0.00174998214858395 1.37097088263816E-12 6.89084467049338E-06 0 0.000435490863004585 1.74604508734242E-19 0.000725214731571182 0.0502775355686743 0 0.182387984042231 0 
0.0827491765723558 0.00115400496674515 0.0778006126665495 0.000790971872304503 0.0070729715792813 1.03654561473251E-05 9.98027624088781E-06 0.000800752501395425 0.0413625200352003 2.22707481400006E-14 0.0615497974120437 0 4.0605295775015E-07 8.686936842995E-07 0.0441946352062622 0.0882661494157757 0.0771332673464641 0.00812736543850422 0.0723646035955112 0.00295268849323501 0.0654435499565375 4.37637550339812E-05 0 0.000864667409994457 2.55820059029683E-13 0.00644298931430131 0.0862211926589365 0 0.17869843402168 0 
0.131793384708902 0.000108370392410718 0.145167404730143 0.0178149353637483 0.0356035558164171 0.000224345733624728 0.000440435840592883 0.0195496321830051 0.00135058867432183 2.07187712048208E-09 0.130503129237377 0 0.000189623299937582 0.000258470925959905 0.147407880503461 0.140014658712411 0.136248486490563 0.000113014980498595 0.0755185032872911 0.000388409814398732 0.00443759398653743 0.00235331595820034 0 0.000108871952383804 6.99773802664506E-10 0.00107062617221673 0.135673614375975 0 0.129887831046107 0 
0.407758110688551 2.07096903372672E-10 0.375258695058379 0.000128309941248496 6.27070036504028E-08 0.000360805876199657 0.159699700215899 1.60538762581983E-17 3.34441373630212E-10 0.0704232650303222 0.554845603753449 0 1.32499976321702E-14 0.201887857172303 0.693829483215756 0.372495539179786 0.43947336871177 4.31997207133257E-14 0.140132197463499 1.01105908129605E-06 2.14390577212221E-18 0.43388579712289 0 4.57779366097053E-07 0.00313307226369854 1.58921596820054E-05 0.385118066764842 0 0.0494104153876737 0 
0.214510876739809 1.98222187299294E-08 0.233688496836853 0.0215025626428177 4.78880190763762E-09 1.45043890997261E-07 0.00294550767770683 1.11208202795233E-15 1.06879208956715E-08 1.31935378200424E-06 0.222013995694899 0 1.20805866426835E-17 0.0020446184539994 0.277358877827878 0.24136116926495 0.229395761388099 3.93798625511111E-11 0.0185428968299386 5.40529031348249E-06 3.38829864125039E-17 0.0522724074103183 0 1.82463712726207E-06 9.37884244363761E-08 2.04487657031889E-05 0.222842443011712 0 0.0683321168817921 0 
0.2759376282793 4.92932035351939E-08 0.352744973330552 0.000313566691669012 0.000553560130803529 0.000140216174911483 0.0511470476957109 1.90767535110644E-08 2.27732102950526E-07 0.000367501146610894 0.40462948528205 0 6.04403341137004E-10 0.162151851259879 0.473789577852831 0.270101433241296 0.349383647701992 1.38069710455781E-10 0.134189407836751 7.68599684250641E-06 2.03491381046731E-12 0.0894167419864474 0 2.51950700745904E-06 6.50771751764129E-05 2.24199725148645E-05 0.272851961616355 0 0.0772387878597975 0 
