0.846453141975216
2.31259486044923
1.09610503641227
-1.9620478697739
0.665369595648495
0.402504648126758
-1.67145558756794
-1.14970159709424
3.29961685310844
0.414354905205566
-1.31557902165119
0.119863103550492
1.12250340855057
-1.41581293745634
-0.187290304779497
-1.01805541779079
-0.319306374332297
1.20206874347336
-1.15977006693475

-2.10470796054186
-0.68872742199861
-3.07134447376635
3.0721663468688

1.35998047964863
1.0762776920608
-2.77242871278193
3.99470359975083

1.99149812175809
-6.97663204420216
-4.53967270796436
-3.89418598077545