0.311222444564116
0.442114446158351
4.63682176569965
-2.00375106575657
5.2579823075629
4.23479958118848
-0.708273175718479
0.268677006400044
5.93116989331953
1.83466973753934
-1.20306497292638
-2.20840971265355
-1.82592359558237
-1.93338526152229
4.27446324278903
-1.56447362372027
-2.4525398416909
-1.50541725710025
-0.362356102519159
-0.239994966018952
1.37525014030498
-7.48703876524857
4.77066537620927
-12.8310091871617
-6.17963765794978
12.7562848620173
3.87849776476848
-1.65920446575156
2.28588056487695
-2.19536766831359
4.79593158489831
10.3828724698136
1.85290913049698
-2.7511667660278
2.13428261509224
-10.3955934383384
4.20498367089373
1.47217518514239
3.14213935914225
4.91445551262722
3.14072717571132
-0.643608065496916
-2.45392718450308
-0.68878979640153
-5.3517389264838
-3.9757156788199
4.29013462423081
1.3373164895946
-1.93479608046051
-0.287616319777149
2.27363227084547
-1.61111669741237
-1.5874725496447
0.719517851245054
1.35078767429328
2.1258986862664
-1.90730956884022
-2.5407919728942
9.70222841826797
0.115300978774772
-3.18019718407859
-4.95693131774514
-0.209952848164329
-3.51317061047848
-3.24557971817723
0.595290762079187
-1.83165311770376
-4.38649654029683
2.61402271683279
3.4811317091371
2.43405400921513
-6.12054366312616
9.88207140318864
-5.26361812730654
1.28733511941043
-1.45563550240567
-5.47873337363668
11.4160897655645
-2.11380376019887
-8.16549978222524
-1.73390833402332
1.43734295997141
-1.08171360265026
-0.996125524806358
4.72553928237745
-1.6155602450095
0.698677900939255
-0.172096236123568
-7.58824895671498
12.3294910130204
-4.70551480473603
-4.35546947420726
-5.14091565136468
-0.306767962014717
6.85048124154993
-3.48744647628067
-4.5366764259688
-0.582040148937652
4.53479812729919
-5.87924890347203
-8.96024559015988
-1.22457057427394
2.8350293292358
-8.36940000004676
2.85885459826382
0.885959791057998
-3.4754188883106
3.63776271315483
-5.94235733260066
-4.7098476619868
-5.47135397775046
2.5139661702613
4.79612163437194
-1.31257328520005
-7.32983047075513
-6.98355219315981
3.08389670398328
-5.70174502958638
-3.67531146261238
-1.91197894898849
-2.35001061366534
0.601783010439645
5.81192381342405
-10.5227739329019