0.277200696193527
0.365379938903048
4.62939434617961
-2.03253501157905
5.22266105088101
4.14897412702754
-0.76587250060642
0.219365351966723
5.90291506493847
1.79604132251379
-1.24996798203882
-2.27869320648269
-1.89490095464069
-1.99661998009537
4.26696875912246
-1.61170866140574
-2.46608868026211
-1.50521696460533
-0.377590970996103
-0.09905195178615
1.49267262741946
-7.30716591322988
4.91945200712941
-12.6467437994362
-6.0317173231614
12.8847795640879
4.01100404481452
-1.47063194434075
2.46059539896294
-2.05903657633752
4.90450064069274
10.5161680648396
2.00309012135519
-2.58168144786578
2.26153128641437
-10.2608924221333
4.37458273347152
1.64880985807445
3.15304324439883
4.91353117195538
3.1632882755256
-0.628065367225467
-2.4465763616334
-0.690272425455496
-5.33647033532477
-3.96287848502397
4.29544517607484
1.33868512692026
-1.92975936183049
-0.283883755126183
2.27906729603827
-1.61427815473
-1.55374261125274
0.741576951255804
1.35373816837743
2.16369445152775
-1.88199067216058
-2.49424936844353
9.73191618805732
0.156388568703959
-3.13975824293664
-4.94640142204493
-0.190971963595633
-3.46637664868824
-3.2131536726672
0.620416569930896
-1.80769133748335
-4.36737007556759
2.64401858753447
3.51995019655205
2.44039725261647
-6.07509394324793
9.89626076894513
-5.23873592707237
1.31759026549545
-1.4256626666399
-5.34896497033432
11.5319663916019
-2.03220618082614
-8.06919278869339
-1.72253749383779
1.44416715030291
-1.075987229826
-0.991994186988181
4.71123587653081
-1.6560878589287
0.685000704615063
-0.231826386664207
-7.63901001928639
12.2542166344742
-4.77190506543818
-4.3750913677818
-5.05503231594694
-0.295021704855916
6.91993588836812
-3.46302145171268
-4.54684378807535
-0.582970411683588
4.52041560397451
-5.88106372365371
-8.98286954357824
-1.23407527144474
2.76606181355476
-8.36508607500675
2.85649397528391
0.88911149574737
-3.47048875421898
3.64458642758428
-5.96046908657491
-4.71170882615118
-5.4713524129234
2.49333709498853
4.81248436404192
-1.283243212964
-7.31329854481685
-6.9964936464051
3.0996039996509
-5.70256346166517
-3.67645280651411
-1.86962506152877
-2.36468196741539
0.587157214495534
5.80197743885753
-10.5233140853653